AL, 03, 2004080912,   , BEST,   0, 114N,  592W,  30, 1010, TD,   0,    ,    0,    0,    0,    0, 
AL, 03, 2004080918,   , BEST,   0, 117N,  611W,  30, 1009, TD,   0,    ,    0,    0,    0,    0,    0,    0,   0,  40,   0, 
AL, 03, 2004081000,   , BEST,   0, 122N,  632W,  30, 1009, TD,  34, AAA,    0,    0,    0,    0,    0,    0,   0,  40,   0, 
AL, 03, 2004081006,   , BEST,   0, 129N,  653W,  35, 1007, TS,  34, NEQ,   75,    0,    0,   50,    0,    0,   0,  45,   0, 
AL, 03, 2004081012,   , BEST,   0, 138N,  676W,  40, 1004, TS,  34, NEQ,   90,   50,    0,   75,    0,    0,   0,  50,   0, 
AL, 03, 2004081018,   , BEST,   0, 149N,  698W,  45, 1000, TS,  34, NEQ,   90,   50,    0,   75,    0,    0,   0,  50,   0, 
AL, 03, 2004081100,   , BEST,   0, 156N,  718W,  55,  999, TS,  34, NEQ,   90,   50,    0,   75,    0,    0,   0,  65,   0, 
AL, 03, 2004081100,   , BEST,   0, 156N,  718W,  55,  999, TS,  50, NEQ,   20,    0,    0,    0,    0,    0,   0,  65,   0, 
AL, 03, 2004081106,   , BEST,   0, 160N,  737W,  55,  999, TS,  34, NEQ,   90,   50,    0,   75,    0,    0,   0,  65,   0, 
AL, 03, 2004081106,   , BEST,   0, 160N,  737W,  55,  999, TS,  50, NEQ,   20,    0,    0,    0,    0,    0,   0,  65,   0, 
AL, 03, 2004081112,   , BEST,   0, 163N,  754W,  60,  995, TS,  34, NEQ,   90,   75,    0,   75,    0,    0,   0,  75,   0, 
AL, 03, 2004081112,   , BEST,   0, 163N,  754W,  60,  995, TS,  50, NEQ,   40,    0,    0,   40,    0,    0,   0,  75,   0, 
AL, 03, 2004081118,   , BEST,   0, 167N,  768W,  65,  993, HU,  34, NEQ,   90,   75,    0,   75,    0,    0,   0,  80,   0, 
AL, 03, 2004081118,   , BEST,   0, 167N,  768W,  65,  993, HU,  50, NEQ,   40,    0,    0,   40,    0,    0,   0,  80,   0, 
AL, 03, 2004081118,   , BEST,   0, 167N,  768W,  65,  993, HU,  64, NEQ,   25,    0,    0,   25,    0,    0,   0,  80,   0, 
AL, 03, 2004081200,   , BEST,   0, 174N,  781W,  65,  992, HU,  34, NEQ,   90,   75,   30,   75,    0,    0,   0,  80,   0, 
AL, 03, 2004081200,   , BEST,   0, 174N,  781W,  65,  992, HU,  50, NEQ,   40,    0,    0,   40,    0,    0,   0,  80,   0, 
AL, 03, 2004081200,   , BEST,   0, 174N,  781W,  65,  992, HU,  64, NEQ,   25,    0,    0,   25,    0,    0,   0,  80,   0, 
AL, 03, 2004081206,   , BEST,   0, 182N,  793W,  75,  988, HU,  34, NEQ,   90,   75,   30,   75,    0,    0,   0,  90,   0, 
AL, 03, 2004081206,   , BEST,   0, 182N,  793W,  75,  988, HU,  50, NEQ,   50,   20,    0,   40,    0,    0,   0,  90,   0, 
AL, 03, 2004081206,   , BEST,   0, 182N,  793W,  75,  988, HU,  64, NEQ,   20,    0,    0,   20,    0,    0,   0,  90,   0, 
AL, 03, 2004081212,   , BEST,   0, 192N,  807W,  80,  984, HU,  34, NEQ,   90,   90,   30,   75, 1010,  100,  10,  90,   0, 
AL, 03, 2004081212,   , BEST,   0, 192N,  807W,  80,  984, HU,  50, NEQ,   50,   30,   20,   40, 1010,  100,  10,  90,   0, 
AL, 03, 2004081212,   , BEST,   0, 192N,  807W,  80,  984, HU,  64, NEQ,   20,   15,   10,   20, 1010,  100,  10,  90,   0, 
AL, 03, 2004081218,   , BEST,   0, 205N,  816W,  90,  980, HU,  34, NEQ,   90,   90,   40,   90,    0,    0,   0, 110,   0, 
AL, 03, 2004081218,   , BEST,   0, 205N,  816W,  90,  980, HU,  50, NEQ,   60,   50,   20,   40,    0,    0,   0, 110,   0, 
AL, 03, 2004081218,   , BEST,   0, 205N,  816W,  90,  980, HU,  64, NEQ,   25,   20,   10,   20,    0,    0,   0, 110,   0, 
AL, 03, 2004081300,   , BEST,   0, 217N,  822W,  90,  976, HU,  34, NEQ,   90,   90,   45,   90,    0,    0,   0, 110,   0, 
AL, 03, 2004081300,   , BEST,   0, 217N,  822W,  90,  976, HU,  50, NEQ,   60,   50,   20,   40,    0,    0,   0, 110,   0, 
AL, 03, 2004081300,   , BEST,   0, 217N,  822W,  90,  976, HU,  64, NEQ,   25,   20,   10,   20,    0,    0,   0, 110,   0, 
AL, 03, 2004081304, 30, BEST,   0, 227N,  826W, 105,  966, HU,   0,    ,    0,    0,    0,    0, 
AL, 03, 2004081306,   , BEST,   0, 230N,  826W, 105,  966, HU,  34, NEQ,   90,   90,   45,   90,    0,    0,   0, 115,   0, 
AL, 03, 2004081306,   , BEST,   0, 230N,  826W, 105,  966, HU,  50, NEQ,   60,   50,   20,   40,    0,    0,   0, 115,   0, 
AL, 03, 2004081306,   , BEST,   0, 230N,  826W, 105,  966, HU,  64, NEQ,   25,   20,   10,   20,    0,    0,   0, 115,   0, 
AL, 03, 2004081312,   , BEST,   0, 244N,  829W,  95,  969, HU,  34, NEQ,   90,   90,   75,   75,    0,    0,   0, 115,   0, 
AL, 03, 2004081312,   , BEST,   0, 244N,  829W,  95,  969, HU,  50, NEQ,   50,   50,   40,   40,    0,    0,   0, 115,   0, 
AL, 03, 2004081312,   , BEST,   0, 244N,  829W,  95,  969, HU,  64, NEQ,   25,   25,   15,   15,    0,    0,   0, 115,   0, 
AL, 03, 2004081318,   , BEST,   0, 261N,  824W, 125,  947, HU,  34, NEQ,   40,   75,   75,   50,    0,    0,   0, 155,   0, 
AL, 03, 2004081318,   , BEST,   0, 261N,  824W, 125,  947, HU,  50, NEQ,   30,   40,   40,   25,    0,    0,   0, 155,   0, 
AL, 03, 2004081318,   , BEST,   0, 261N,  824W, 125,  947, HU,  64, NEQ,   20,   20,   10,   10,    0,    0,   0, 155,   0, 
AL, 03, 2004081319, 45, BEST,   0, 266N,  822W, 130,  941, HU,   0,    ,    0,    0,    0,    0, 
AL, 03, 2004081320, 45, BEST,   0, 269N,  821W, 125,  942, HU,   0,    ,    0,    0,    0,    0, 
AL, 03, 2004081400,   , BEST,   0, 281N,  816W,  75,  970, HU,  34, NEQ,   40,   75,   40,   40,    0,    0,   0, 105,   0, 
AL, 03, 2004081400,   , BEST,   0, 281N,  816W,  75,  970, HU,  50, NEQ,   30,   40,   30,   25,    0,    0,   0, 105,   0, 
AL, 03, 2004081400,   , BEST,   0, 281N,  816W,  75,  970, HU,  64, NEQ,   20,   20,   20,   10,    0,    0,   0, 105,   0, 
AL, 03, 2004081406,   , BEST,   0, 301N,  808W,  75,  993, HU,  34, NEQ,   75,  100,   40,   40,    0,    0,   0,  90,   0, 
AL, 03, 2004081406,   , BEST,   0, 301N,  808W,  75,  993, HU,  50, NEQ,   50,   75,   30,   25,    0,    0,   0,  90,   0, 
AL, 03, 2004081406,   , BEST,   0, 301N,  808W,  75,  993, HU,  64, NEQ,   25,   50,   20,   10,    0,    0,   0,  90,   0, 
AL, 03, 2004081412,   , BEST,   0, 323N,  797W,  65,  988, HU,  34, NEQ,   75,  100,   40,   40,    0,    0,   0,  90,   0, 
AL, 03, 2004081412,   , BEST,   0, 323N,  797W,  65,  988, HU,  50, NEQ,   50,   75,    0,    0,    0,    0,   0,  90,   0, 
AL, 03, 2004081412,   , BEST,   0, 323N,  797W,  65,  988, HU,  64, NEQ,   25,   40,    0,    0,    0,    0,   0,  90,   0, 
AL, 03, 2004081414,   , BEST,   0, 330N,  794W,  70,  992, HU,   0,    ,    0,    0,    0,    0, 
AL, 03, 2004081416,   , BEST,   0, 338N,  787W,  65,  997, HU,   0,    ,    0,    0,    0,    0, 
AL, 03, 2004081418,   , BEST,   0, 345N,  781W,  60, 1000, TS,  34, NEQ,   75,   75,   30,   30,    0,    0,   0,  75,   0, 
AL, 03, 2004081418,   , BEST,   0, 345N,  781W,  60, 1000, TS,  50, NEQ,   50,   50,   15,   15,    0,    0,   0,  75,   0, 
AL, 03, 2004081500,   , BEST,   0, 369N,  759W,  40, 1012, EX,  34, NEQ,   75,   75,   20,    0,    0,    0,   0,  50,   0, 
AL, 03, 2004081506,   , BEST,   0, 393N,  738W,  35, 1014, EX,  34, NEQ,   75,   75,   20,    0,    0,    0,   0,  45,   0, 
AL, 03, 2004081512,   , BEST,   0, 412N,  711W,  30, 1018, EX,   0,    ,    0,    0,    0,    0, 1020,  100,  50,  40,   0, 
