AL, 02, 2016052706,   , BEST,   0, 272N,  721W,  30, 1010, LO,   0,    ,    0,    0,    0,    0, 1014,  100,  70,  40,   0,   L,   0,    ,   0,   0,     INVEST, M,  0,    ,    0,    0,    0,    0, genesis-num, 002, 
AL, 02, 2016052712,   , BEST,   0, 277N,  731W,  30, 1009, LO,   0,    ,    0,    0,    0,    0, 1014,  110,  50,  40,   0,   L,   0,    ,   0,   0,     INVEST, M,  0,    ,    0,    0,    0,    0, genesis-num, 002, 
AL, 02, 2016052718,   , BEST,   0, 283N,  744W,  30, 1009, TD,   0,    ,    0,    0,    0,    0, 1014,  110,  50,  40,   0,   L,   0,    ,   0,   0,        TWO, M,  0,    ,    0,    0,    0,    0, genesis-num, 002, TRANSITIONED, alA12016 to al022016, 
AL, 02, 2016052800,   , BEST,   0, 288N,  755W,  30, 1009, TD,   0,    ,    0,    0,    0,    0, 1014,  120,  50,  40,   0,   L,   0,    ,   0,   0,        TWO, M, 12, NEQ,  120,    0,    0,   60, genesis-num, 002, 
AL, 02, 2016052806,   , BEST,   0, 294N,  767W,  30, 1009, TD,   0,    ,    0,    0,    0,    0, 1014,  120,  50,  40,   0,   L,   0,    ,   0,   0,        TWO, M, 12, NEQ,  120,   30,   15,   90, genesis-num, 002, 
AL, 02, 2016052812,   , BEST,   0, 300N,  780W,  35, 1008, TS,  34, NEQ,    0,    0,    0,   50, 1014,  120,  45,  40,   0,   L,   0,    ,   0,   0,        TWO, M, 12, NEQ,   30,    0,    0,    0, genesis-num, 002, 
AL, 02, 2016052818,   , BEST,   0, 307N,  791W,  40, 1008, TS,  34, NEQ,    0,    0,    0,   50, 1014,  120,  35,  45,   0,   L,   0,    ,   0,   0,        TWO, M,  0,    ,    0,    0,    0,    0, genesis-num, 002, 
AL, 02, 2016052900,   , BEST,   0, 310N,  794W,  40, 1007, TS,  34, NEQ,    0,    0,   20,   50, 1016,  120,  35,  45,   0,   L,   0,    ,   0,   0,     BONNIE, M, 12, NEQ,    0,    0,    0,   50, genesis-num, 002, 
AL, 02, 2016052906,   , BEST,   0, 317N,  794W,  35, 1007, TS,  34, NEQ,    0,    0,    0,   30, 1016,  120,  40,  45,   0,   L,   0,    ,   0,   0,     BONNIE, M, 12, NEQ,   75,    0,    0,   45, genesis-num, 002, 
AL, 02, 2016052912,   , BEST,   0, 327N,  797W,  30, 1007, TD,   0,    ,    0,    0,    0,    0, 1016,  120,  25,  40,   0,   L,   0,    ,   0,   0,     BONNIE, S,  0,    ,    0,    0,    0,    0, genesis-num, 002, 
AL, 02, 2016052912, 30, BEST,   0, 328N,  798W,  30, 1007, TD,   0,    ,    0,    0,    0,    0, 1016,  120,  25,   0,   0,    ,   0,    ,   0,   0,     BONNIE,  ,  0,    ,    0,    0,    0,    0, genesis-num, 002, 
AL, 02, 2016052918,   , BEST,   0, 330N,  803W,  30, 1010, TD,   0,    ,    0,    0,    0,    0, 1016,  110,  80,  40,   0,   L,   0,    ,   0,   0,     BONNIE, M,  0,    ,    0,    0,    0,    0, genesis-num, 002, 
AL, 02, 2016053000,   , BEST,   0, 327N,  803W,  25, 1011, TD,   0,    ,    0,    0,    0,    0, 1015,  110,  80,  35,   0,   L,   0,    ,   0,   0,     BONNIE, M,  0,    ,    0,    0,    0,    0, genesis-num, 002, 
AL, 02, 2016053006,   , BEST,   0, 331N,  800W,  25, 1011, TD,   0,    ,    0,    0,    0,    0, 1015,  110,  80,  35,   0,   L,   0,    ,   0,   0,     BONNIE, M,  0,    ,    0,    0,    0,    0, genesis-num, 002, 
AL, 02, 2016053012,   , BEST,   0, 333N,  798W,  25, 1012, LO,   0,    ,    0,    0,    0,    0, 1015,  110,  80,  30,   0,   L,   0,    ,   0,   0,     BONNIE, M,  0,    ,    0,    0,    0,    0, genesis-num, 002, 
AL, 02, 2016053018,   , BEST,   0, 334N,  796W,  25, 1011, LO,   0,    ,    0,    0,    0,    0, 1014,  100,  80,   0,   0,    ,   0,    ,   0,   0,     BONNIE,  ,  0,    ,    0,    0,    0,    0, genesis-num, 002, 
AL, 02, 2016053100,   , BEST,   0, 332N,  793W,  25, 1009, LO,   0,    ,    0,    0,    0,    0, 1013,  120,  70,   0,   0,    ,   0,    ,   0,   0,     BONNIE,  ,  0,    ,    0,    0,    0,    0, genesis-num, 002, 
AL, 02, 2016053106,   , BEST,   0, 331N,  788W,  25, 1007, LO,   0,    ,    0,    0,    0,    0, 1012,  120,  70,   0,   0,   L,   0,    ,   0,   0,     BONNIE, M,  0,    ,    0,    0,    0,    0, genesis-num, 002, 
AL, 02, 2016053112,   , BEST,   0, 332N,  784W,  25, 1007, LO,   0,    ,    0,    0,    0,    0, 1014,  150,  70,   0,   0,   L,   0,    ,   0,   0,     BONNIE, M,  0,    ,    0,    0,    0,    0, genesis-num, 002, DISSIPATED, al022016 to al922016, TRANSITIONED, alB22016 to al022016, DISSIPATED, al022016 to al922016, 
AL, 02, 2016053118,   , BEST,   0, 333N,  780W,  25, 1007, LO,   0,    ,    0,    0,    0,    0, 1014,  150,  70,   0,   0,   L,   0,    ,   0,   0,     BONNIE, M,  0,    ,    0,    0,    0,    0, genesis-num, 002, 
AL, 02, 2016060100,   , BEST,   0, 334N,  777W,  20, 1008, LO,   0,    ,    0,    0,    0,    0, 1012,   90,  60,   0,   0,   L,   0,    ,   0,   0,     BONNIE, S,  0,    ,    0,    0,    0,    0, genesis-num, 002, 
AL, 02, 2016060106,   , BEST,   0, 334N,  773W,  20, 1009, LO,   0,    ,    0,    0,    0,    0, 1012,   90,  60,   0,   0,    ,   0,    ,   0,   0,     BONNIE,  ,  0,    ,    0,    0,    0,    0, genesis-num, 002, 
AL, 02, 2016060112,   , BEST,   0, 334N,  769W,  20, 1009, LO,   0,    ,    0,    0,    0,    0, 1012,   90,  60,   0,   0,   L,   0,    ,   0,   0,     BONNIE, S,  0,    ,    0,    0,    0,    0, genesis-num, 002, 
AL, 02, 2016060118,   , BEST,   0, 335N,  764W,  20, 1010, LO,   0,    ,    0,    0,    0,    0, 1012,   90,  60,   0,   0,   L,   0,    ,   0,   0,     BONNIE, S,  0,    ,    0,    0,    0,    0, genesis-num, 002, 
AL, 02, 2016060200,   , BEST,   0, 341N,  760W,  20, 1010, TD,   0,    ,    0,    0,    0,    0, 1014,   90,  40,   0,   0,   L,   0,    ,   0,   0,     BONNIE, S,  0,    ,    0,    0,    0,    0, genesis-num, 002, 
AL, 02, 2016060206,   , BEST,   0, 347N,  757W,  25, 1010, TD,   0,    ,    0,    0,    0,    0, 1016,  120,  30,   0,   0,   L,   0,    ,   0,   0,     BONNIE, S,  0,    ,    0,    0,    0,    0, genesis-num, 002, TRANSITIONED, alC22016 to al022016, 
AL, 02, 2016060212,   , BEST,   0, 351N,  754W,  25, 1009, TD,   0,    ,    0,    0,    0,    0, 1017,  120,  30,  35,   0,   L,   0,    ,   0,   0,     BONNIE, M,  0,    ,    0,    0,    0,    0, genesis-num, 002, 
AL, 02, 2016060218,   , BEST,   0, 354N,  750W,  30, 1008, TD,   0,    ,    0,    0,    0,    0, 1017,  120,  15,  40,   0,   L,   0,    ,   0,   0,     BONNIE, M,  0,    ,    0,    0,    0,    0, genesis-num, 002, 
AL, 02, 2016060300,   , BEST,   0, 356N,  745W,  30, 1006, TD,   0,    ,    0,    0,    0,    0, 1017,  120,  15,  40,   0,   L,   0,    ,   0,   0,     BONNIE, M,  0,    ,    0,    0,    0,    0, genesis-num, 002, 
AL, 02, 2016060306,   , BEST,   0, 357N,  737W,  30, 1006, TD,   0,    ,    0,    0,    0,    0, 1017,  120,  30,  40,   0,   L,   0,    ,   0,   0,     BONNIE, M,  0,    ,    0,    0,    0,    0, genesis-num, 002, 
AL, 02, 2016060312,   , BEST,   0, 359N,  726W,  35, 1006, TS,  34, NEQ,    0,   30,    0,    0, 1017,  120,  30,  40,   0,   L,   0,    ,   0,   0,     BONNIE, M,  0,    ,    0,    0,    0,    0, genesis-num, 002, 
AL, 02, 2016060318,   , BEST,   0, 359N,  714W,  35, 1006, TS,  34, NEQ,    0,   30,    0,    0, 1017,  120,  30,  45,   0,   L,   0,    ,   0,   0,     BONNIE, M,  0,    ,    0,    0,    0,    0, genesis-num, 002, 
AL, 02, 2016060400,   , BEST,   0, 359N,  702W,  35, 1006, TS,  34, NEQ,    0,   30,    0,    0, 1017,  120,  30,  45,   0,   L,   0,    ,   0,   0,     BONNIE, M, 12, NEQ,    0,   30,    0,    0, genesis-num, 002, 
AL, 02, 2016060406,   , BEST,   0, 359N,  689W,  35, 1006, TS,  34, NEQ,    0,   30,    0,    0, 1017,  120,  30,  45,   0,   L,   0,    ,   0,   0,     BONNIE, M,  0,    ,    0,    0,    0,    0, genesis-num, 002, 
AL, 02, 2016060412,   , BEST,   0, 356N,  673W,  30, 1007, TD,   0,    ,    0,    0,    0,    0, 1015,  100,  30,  45,   0,   L,   0,    ,   0,   0,     BONNIE, M, 12, NEQ,    0,   50,    0,    0, genesis-num, 002, 
AL, 02, 2016060418,   , BEST,   0, 351N,  659W,  30, 1008, TD,   0,    ,    0,    0,    0,    0, 1015,  100,  30,  40,   0,   L,   0,    ,   0,   0,     BONNIE, M,  0,    ,    0,    0,    0,    0, genesis-num, 002, 
AL, 02, 2016060500,   , BEST,   0, 348N,  646W,  25, 1009, LO,   0,    ,    0,    0,    0,    0, 1014,  110,  30,  40,   0,   L,   0,    ,   0,   0,     BONNIE, M,  0,    ,    0,    0,    0,    0, genesis-num, 002, 
AL, 02, 2016060506,   , BEST,   0, 343N,  630W,  25, 1011, LO,   0,    ,    0,    0,    0,    0, 1014,  110,  30,   0,   0,    ,   0,    ,   0,   0,     BONNIE,  ,  0,    ,    0,    0,    0,    0, genesis-num, 002, 
AL, 02, 2016060512,   , BEST,   0, 338N,  612W,  25, 1011, LO,   0,    ,    0,    0,    0,    0, 1014,  110,  30,   0,   0,    ,   0,    ,   0,   0,     BONNIE,  ,  0,    ,    0,    0,    0,    0, genesis-num, 002, 
AL, 02, 2016060518,   , BEST,   0, 334N,  592W,  25, 1012, LO,   0,    ,    0,    0,    0,    0, 1014,  110,  30,   0,   0,    ,   0,    ,   0,   0,     BONNIE,  ,  0,    ,    0,    0,    0,    0, genesis-num, 002, 
AL, 02, 2016060600,   , BEST,   0, 330N,  571W,  25, 1013, LO,   0,    ,    0,    0,    0,    0, 1014,  110,  30,   0,   0,    ,   0,    ,   0,   0,     BONNIE,  ,  0,    ,    0,    0,    0,    0, genesis-num, 002, 
AL, 02, 2016060606,   , BEST,   0, 324N,  545W,  25, 1013, LO,   0,    ,    0,    0,    0,    0, 1014,  110,  30,   0,   0,    ,   0,    ,   0,   0,     BONNIE,  ,  0,    ,    0,    0,    0,    0, genesis-num, 002, 
AL, 02, 2016060612,   , BEST,   0, 316N,  515W,  25, 1014, LO,   0,    ,    0,    0,    0,    0, 1014,  110,  30,   0,   0,    ,   0,    ,   0,   0,     BONNIE,  ,  0,    ,    0,    0,    0,    0, genesis-num, 002, 
AL, 02, 2016060618,   , BEST,   0, 310N,  487W,  25, 1014, LO,   0,    ,    0,    0,    0,    0, 1014,  110,  30,   0,   0,    ,   0,    ,   0,   0,     BONNIE,  ,  0,    ,    0,    0,    0,    0, genesis-num, 002, 
AL, 02, 2016060700,   , BEST,   0, 303N,  462W,  25, 1015, LO,   0,    ,    0,    0,    0,    0, 1014,  110,  30,   0,   0,    ,   0,    ,   0,   0,     BONNIE,  ,  0,    ,    0,    0,    0,    0, genesis-num, 002, 
AL, 02, 2016060706,   , BEST,   0, 296N,  429W,  25, 1015, LO,   0,    ,    0,    0,    0,    0, 1014,  110,  30,   0,   0,    ,   0,    ,   0,   0,     BONNIE,  ,  0,    ,    0,    0,    0,    0, genesis-num, 002, 
AL, 02, 2016060712,   , BEST,   0, 292N,  403W,  30, 1015, LO,   0,    ,    0,    0,    0,    0, 1014,  110,  30,   0,   0,    ,   0,    ,   0,   0,     BONNIE,  ,  0,    ,    0,    0,    0,    0, genesis-num, 002, 
AL, 02, 2016060718,   , BEST,   0, 289N,  380W,  30, 1015, EX,   0,    ,    0,    0,    0,    0, 1014,  110,  30,   0,   0,    ,   0,    ,   0,   0,     BONNIE,  ,  0,    ,    0,    0,    0,    0, genesis-num, 002, 
AL, 02, 2016060800,   , BEST,   0, 288N,  362W,  30, 1015, EX,   0,    ,    0,    0,    0,    0, 1014,  110,  30,   0,   0,    ,   0,    ,   0,   0,     BONNIE,  ,  0,    ,    0,    0,    0,    0, genesis-num, 002, 
AL, 02, 2016060806,   , BEST,   0, 289N,  347W,  25, 1015, EX,   0,    ,    0,    0,    0,    0, 1014,  110,  30,   0,   0,    ,   0,    ,   0,   0,     BONNIE,  ,  0,    ,    0,    0,    0,    0, genesis-num, 002, 
AL, 02, 2016060812,   , BEST,   0, 291N,  335W,  25, 1016, EX,   0,    ,    0,    0,    0,    0, 1014,  110,  30,   0,   0,    ,   0,    ,   0,   0,     BONNIE,  ,  0,    ,    0,    0,    0,    0, genesis-num, 002, 
AL, 02, 2016060818,   , BEST,   0, 295N,  325W,  25, 1016, EX,   0,    ,    0,    0,    0,    0, 1014,  110,  30,   0,   0,    ,   0,    ,   0,   0,     BONNIE,  ,  0,    ,    0,    0,    0,    0, genesis-num, 002, 
AL, 02, 2016060900,   , BEST,   0, 299N,  317W,  25, 1019, EX,   0,    ,    0,    0,    0,    0, 1014,  110,  30,   0,   0,    ,   0,    ,   0,   0,     BONNIE,  ,  0,    ,    0,    0,    0,    0, genesis-num, 002, 
AL, 02, 2016060906,   , BEST,   0, 302N,  309W,  25, 1018, EX,   0,    ,    0,    0,    0,    0, 1014,  110,  30,   0,   0,    ,   0,    ,   0,   0,     BONNIE,  ,  0,    ,    0,    0,    0,    0, genesis-num, 002, 
AL, 02, 2016060912,   , BEST,   0, 304N,  302W,  25, 1018, EX,   0,    ,    0,    0,    0,    0, 1014,  110,  30,   0,   0,    ,   0,    ,   0,   0,     BONNIE,  ,  0,    ,    0,    0,    0,    0, genesis-num, 002, 
AL, 02, 2016060918,   , BEST,   0, 306N,  295W,  25, 1020, EX,   0,    ,    0,    0,    0,    0, 1014,  110,  30,   0,   0,    ,   0,    ,   0,   0,     BONNIE,  ,  0,    ,    0,    0,    0,    0, genesis-num, 002, 
