AL, 02, 2011071606,   , BEST,   0, 307N,  797W,  20, 1014, LO,   0,    ,    0,    0,    0,    0, 1016,  175,  90,   0,   0, 
AL, 02, 2011071612,   , BEST,   0, 303N,  794W,  20, 1014, LO,   0,    ,    0,    0,    0,    0, 1016,  175,  90,   0,   0, 
AL, 02, 2011071618,   , BEST,   0, 298N,  791W,  20, 1014, LO,   0,    ,    0,    0,    0,    0, 1016,  175,  90,   0,   0,   L,   0,    ,   0,   0,     INVEST, S, 
AL, 02, 2011071700,   , BEST,   0, 293N,  788W,  20, 1014, LO,   0,    ,    0,    0,    0,    0, 1016,  175,  75,   0,   0,   L,   0,    ,   0,   0,     INVEST, S, 
AL, 02, 2011071706,   , BEST,   0, 288N,  785W,  20, 1014, LO,   0,    ,    0,    0,    0,    0, 1016,  175,  75,   0,   0, 
AL, 02, 2011071712,   , BEST,   0, 283N,  783W,  25, 1013, LO,   0,    ,    0,    0,    0,    0, 1016,  175,  75,   0,   0,   L,   0,    ,   0,   0,     INVEST, S, 
AL, 02, 2011071718,   , BEST,   0, 278N,  782W,  30, 1011, TD,   0,    ,    0,    0,    0,    0, 1016,  150,  50,  40,   0,   L,   0,    ,   0,   0,        TWO, M, 
AL, 02, 2011071800,   , BEST,   0, 275N,  781W,  35, 1008, TS,  34, NEQ,   30,   30,    0,   30, 1015,  100,  30,  45,   0,   L,   0,    ,   0,   0,       BRET, M, 
AL, 02, 2011071806,   , BEST,   0, 271N,  780W,  40, 1001, TS,  34, NEQ,   35,   35,   15,   35, 1015,  100,  20,  55,   0,   L,   0,    ,   0,   0,       BRET, M, 12, NEQ,   30,   30,    0,   30
AL, 02, 2011071812,   , BEST,   0, 274N,  775W,  45,  999, TS,  34, NEQ,   40,   40,   25,   40, 1015,  100,  20,  55,   0,   L,   0,    ,   0,   0,       BRET, M, 12, NEQ,   40,   40,   20,   40
AL, 02, 2011071818,   , BEST,   0, 278N,  771W,  60,  995, TS,  34, NEQ,   45,   45,   30,   45, 1015,  125,  20,  60,   0,   L,   0,    ,   0,   0,       BRET, D, 12, NEQ,   45,   45,   30,   45
AL, 02, 2011071818,   , BEST,   0, 278N,  771W,  60,  995, TS,  50, NEQ,   20,   20,    0,   20, 1015,  125,  20,  60,   0,   L,   0,    ,   0,   0,       BRET, D, 12, NEQ,   45,   45,   30,   45
AL, 02, 2011071900,   , BEST,   0, 284N,  768W,  60,  996, TS,  34, NEQ,   45,   45,   30,   45, 1015,  130,  20,  65,   0,   L,   0,    ,   0,   0,       BRET, D, 12, NEQ,   60,   45,   30,   45
AL, 02, 2011071900,   , BEST,   0, 284N,  768W,  60,  996, TS,  50, NEQ,   20,   20,    0,   20, 1015,  130,  20,  65,   0,   L,   0,    ,   0,   0,       BRET, D, 12, NEQ,   60,   45,   30,   45
AL, 02, 2011071906,   , BEST,   0, 290N,  766W,  50,  999, TS,  34, NEQ,   45,   45,   30,   35, 1015,  125,  20,  55,   0,   L,   0,    ,   0,   0,       BRET, M, 12, NEQ,   60,   45,   30,   45
AL, 02, 2011071906,   , BEST,   0, 290N,  766W,  50,  999, TS,  50, NEQ,   20,   20,    0,    0, 1015,  125,  20,  55,   0,   L,   0,    ,   0,   0,       BRET, M, 12, NEQ,   60,   45,   30,   45
AL, 02, 2011071912,   , BEST,   0, 295N,  762W,  45,  999, TS,  34, NEQ,   50,   45,   30,   35, 1013,  125,  25,  55,   0,   L,   0,    ,   0,   0,       BRET, M, 12, NEQ,   45,   45,   30,   30
AL, 02, 2011071918,   , BEST,   0, 300N,  758W,  45,  999, TS,  34, NEQ,   50,   50,   35,   35, 1013,  125,  25,  55,   0,   L,   0,    ,   0,   0,       BRET, M, 12, NEQ,   30,   45,   25,   25
AL, 02, 2011072000,   , BEST,   0, 305N,  753W,  45, 1000, TS,  34, NEQ,   55,   55,   45,   35, 1012,  150,  25,  55,   0,   L,   0,    ,   0,   0,       BRET, M, 12, NEQ,   30,   45,   25,   25
AL, 02, 2011072006,   , BEST,   0, 309N,  747W,  45, 1001, TS,  34, NEQ,   60,   60,   45,   35, 1012,  150,  30,  55,   0,   L,   0,    ,   0,   0,       BRET, M, 
AL, 02, 2011072012,   , BEST,   0, 314N,  741W,  45, 1002, TS,  34, NEQ,   60,   60,   45,   35, 1013,  150,  30,  55,   0,   L,   0,    ,   0,   0,       BRET, M, 12, NEQ,   30,   45,    0,    0
AL, 02, 2011072018,   , BEST,   0, 319N,  734W,  45, 1005, TS,  34, NEQ,   60,   60,   45,   35, 1014,  180,  40,  50,   0,   L,   0,    ,   0,   0,       BRET, M, 12, NEQ,   30,   45,    0,    0
AL, 02, 2011072100,   , BEST,   0, 324N,  727W,  45, 1005, TS,  34, NEQ,   60,   60,   45,   35, 1013,  120,  40,  50,   0,   L,   0,    ,   0,   0,       BRET, M, 12, NEQ,   30,   45,    0,    0
AL, 02, 2011072106,   , BEST,   0, 330N,  720W,  40, 1005, TS,  34, NEQ,   55,   60,   45,   25, 1013,  120,  40,  45,   0,   L,   0,    ,   0,   0,       BRET, M, 12, NEQ,   30,   50,    0,    0
AL, 02, 2011072112,   , BEST,   0, 335N,  712W,  35, 1006, TS,  34, NEQ,   45,   65,   45,    0, 1014,  110,  45,  45,   0,   L,   0,    ,   0,   0,       BRET, M, 12, NEQ,   30,   50,    0,    0
AL, 02, 2011072118,   , BEST,   0, 341N,  701W,  35, 1007, TS,  34, NEQ,    0,   80,    0,    0, 1014,  110,  60,  45,   0,   L,   0,    ,   0,   0,       BRET, M, 12, NEQ,   30,   50,    0,    0
AL, 02, 2011072200,   , BEST,   0, 351N,  689W,  30, 1008, TD,   0,    ,    0,    0,    0,    0, 1013,  120,  60,  40,   0,   L,   0,    ,   0,   0,       BRET, M, 
AL, 02, 2011072206,   , BEST,   0, 362N,  674W,  30, 1008, TD,   0,    ,    0,    0,    0,    0, 1013,  120,  60,  40,   0,   L,   0,    ,   0,   0,       BRET, M, 
AL, 02, 2011072212,   , BEST,   0, 373N,  652W,  30, 1009, LO,   0,    ,    0,    0,    0,    0, 1012,  120,  60,  40,   0,   L,   0,    ,   0,   0,       BRET, M, 
AL, 02, 2011072218,   , BEST,   0, 383N,  628W,  30, 1009, LO,   0,    ,    0,    0,    0,    0, 1012,  120,  60,   0,   0, 
AL, 02, 2011072300,   , BEST,   0, 392N,  601W,  25, 1010, LO,   0,    ,    0,    0,    0,    0, 1012,  120,  60,   0,   0, 
AL, 02, 2011072306,   , BEST,   0, 398N,  570W,  25, 1010, LO,  34, NEQ,    0,    0,    0,    0, 1012,  120,  60,   0,   0, 
