AL, 25, 2020100200,   , BEST,   0, 166N,  833W,  30, 1006, LO,   0,    ,    0,    0,    0,    0, 1010,  150,  70,   0,   0, 
AL, 25, 2020100206,   , BEST,   0, 172N,  839W,  30, 1006, TD,   0,    ,    0,    0,    0,    0, 1010,  150,  70,  40,   0,   L,   0,    ,   0,   0,     INVEST, M,  0,    ,    0,    0,    0,    0, genesis-num, 052, 
AL, 25, 2020100212,   , BEST,   0, 178N,  844W,  30, 1005, TD,   0,    ,    0,    0,    0,    0, 1009,  150,  70,  40,   0,   L,   0,    ,   0,   0, TWENTY-FIV, M,  0,    ,    0,    0,    0,    0, genesis-num, 052, TRANSITIONED, alD12020 to al252020, 
AL, 25, 2020100218,   , BEST,   0, 184N,  850W,  35, 1002, TS,  34, NEQ,   40,    0,    0,    0, 1009,  120,  70,  40,   0,   L,   0,    ,   0,   0, TWENTY-FIV, M,  0,    ,    0,    0,    0,    0, genesis-num, 052, 
AL, 25, 2020100300,   , BEST,   0, 188N,  858W,  40,  998, TS,  34, NEQ,   40,    0,    0,    0, 1008,  120,  30,  45,   0,   L,   0,    ,   0,   0,      GAMMA, M,  0,    ,    0,    0,    0,    0, genesis-num, 052, 
AL, 25, 2020100306,   , BEST,   0, 192N,  866W,  45,  995, TS,  34, NEQ,   80,    0,    0,   40, 1008,  140,  15,  50,   0,   L,   0,    ,   0,   0,      GAMMA, M,  0,    ,    0,    0,    0,    0, genesis-num, 052, 
AL, 25, 2020100312,   , BEST,   0, 197N,  871W,  55,  986, TS,  34, NEQ,  120,   70,    0,   40, 1007,  140,  15,  65,   0,   L,   0,    ,   0,   0,      GAMMA, M, 12, NEQ,   90,    0,    0,   30, genesis-num, 052, 
AL, 25, 2020100312,   , BEST,   0, 197N,  871W,  55,  986, TS,  50, NEQ,   25,    0,    0,    0, 1007,  140,  15,  65,   0,   L,   0,    ,   0,   0,      GAMMA, M, 12, NEQ,   90,    0,    0,   30, genesis-num, 052, 
AL, 25, 2020100316, 45, BEST,   0, 202N,  874W,  65,  978, HU,  34, NEQ,  120,   70,    0,   40, 1007,  140,  15,   0,   0,    ,   0,    ,   0,   0,      GAMMA,  ,  0,    ,    0,    0,    0,    0, genesis-num, 052, 
AL, 25, 2020100316, 45, BEST,   0, 202N,  874W,  65,  978, HU,  50, NEQ,   25,    0,    0,    0, 1007,  140,  15,   0,   0,    ,   0,    ,   0,   0,      GAMMA,  ,  0,    ,    0,    0,    0,    0, genesis-num, 052, 
AL, 25, 2020100316, 45, BEST,   0, 202N,  874W,  65,  978, HU,  64, NEQ,   15,    0,    0,    0, 1007,  140,  15,   0,   0,    ,   0,    ,   0,   0,      GAMMA,  ,  0,    ,    0,    0,    0,    0, genesis-num, 052, 
AL, 25, 2020100318,   , BEST,   0, 204N,  875W,  60,  980, TS,  34, NEQ,  120,   70,    0,   40, 1007,  140,  15,  75,   0,   L,   0,    ,   0,   0,      GAMMA, D, 12, NEQ,   90,   15,   15,   15, genesis-num, 052, 
AL, 25, 2020100318,   , BEST,   0, 204N,  875W,  60,  980, TS,  50, NEQ,   30,   20,    0,    0, 1007,  140,  15,  75,   0,   L,   0,    ,   0,   0,      GAMMA, D, 12, NEQ,   90,   15,   15,   15, genesis-num, 052, 
AL, 25, 2020100400,   , BEST,   0, 210N,  879W,  50,  991, TS,  34, NEQ,  120,   70,    0,   90, 1007,  150,  30,  60,   0,   L,   0,    ,   0,   0,      GAMMA, D, 12, NEQ,   60,   60,    0,  120, genesis-num, 052, 
AL, 25, 2020100400,   , BEST,   0, 210N,  879W,  50,  991, TS,  50, NEQ,   40,   20,    0,    0, 1007,  150,  30,  60,   0,   L,   0,    ,   0,   0,      GAMMA, D, 12, NEQ,   60,   60,    0,  120, genesis-num, 052, 
AL, 25, 2020100406,   , BEST,   0, 218N,  882W,  45,  997, TS,  34, NEQ,  120,    0,    0,   90, 1007,  150,  30,  55,   0,   L,   0,    ,   0,   0,      GAMMA, D, 12, NEQ,   30,    0,    0,  120, genesis-num, 052, 
AL, 25, 2020100412,   , BEST,   0, 223N,  881W,  50,  995, TS,  34, NEQ,  120,   40,   40,  120, 1008,  160,  20,  60,   0,   L,   0,    ,   0,   0,      GAMMA, D, 12, NEQ,   30,    0,    0,  120, genesis-num, 052, 
AL, 25, 2020100412,   , BEST,   0, 223N,  881W,  50,  995, TS,  50, NEQ,   20,   20,   20,   20, 1008,  160,  20,  60,   0,   L,   0,    ,   0,   0,      GAMMA, D, 12, NEQ,   30,    0,    0,  120, genesis-num, 052, 
AL, 25, 2020100418,   , BEST,   0, 227N,  877W,  55,  994, TS,  34, NEQ,  150,   60,   40,  140, 1008,  160,  20,  60,   0,   L,   0,    ,   0,   0,      GAMMA, D,  0,    ,    0,    0,    0,    0, genesis-num, 052, 
AL, 25, 2020100418,   , BEST,   0, 227N,  877W,  55,  994, TS,  50, NEQ,   40,   20,   20,   30, 1008,  160,  20,  60,   0,   L,   0,    ,   0,   0,      GAMMA, D,  0,    ,    0,    0,    0,    0, genesis-num, 052, 
AL, 25, 2020100500,   , BEST,   0, 229N,  874W,  50,  998, TS,  34, NEQ,  150,   60,   60,  140, 1008,  160,  20,  60,   0,   L,   0,    ,   0,   0,      GAMMA, D, 12, NEQ,  120,   45,  120,  150, genesis-num, 052, 
AL, 25, 2020100500,   , BEST,   0, 229N,  874W,  50,  998, TS,  50, NEQ,   40,    0,   30,   50, 1008,  160,  20,  60,   0,   L,   0,    ,   0,   0,      GAMMA, D, 12, NEQ,  120,   45,  120,  150, genesis-num, 052, 
AL, 25, 2020100506,   , BEST,   0, 228N,  874W,  45,  999, TS,  34, NEQ,  140,    0,    0,  120, 1008,  160,  50,  55,   0,   L,   0,    ,   0,   0,      GAMMA, M, 12, NEQ,  120,   45,  120,  210, genesis-num, 052, 
AL, 25, 2020100512,   , BEST,   0, 226N,  875W,  40, 1001, TS,  34, NEQ,  140,    0,    0,  130, 1008,  160,  50,  50,   0,   L,   0,    ,   0,   0,      GAMMA, M, 12, NEQ,  120,   45,  120,  210, genesis-num, 052, 
AL, 25, 2020100518,   , BEST,   0, 223N,  879W,  30, 1005, TD,   0,    ,    0,    0,    0,    0, 1008,  160,  50,  40,   0,   L,   0,    ,   0,   0,      GAMMA, M, 12, NEQ,  120,   45,  120,  240, genesis-num, 052, 
AL, 25, 2020100600,   , BEST,   0, 219N,  882W,  30, 1005, TD,   0,    ,    0,    0,    0,    0, 1008,  160,  50,  40,   0,   L,   0,    ,   0,   0,      GAMMA, M,  0,    ,    0,    0,    0,    0, genesis-num, 052, 
AL, 25, 2020100603,   , BEST,   0, 216N,  884W,  30, 1005, TD,   0,    ,    0,    0,    0,    0, 1008,  160,  50,   0,   0,    ,   0,    ,   0,   0,      GAMMA,  ,  0,    ,    0,    0,    0,    0, genesis-num, 052, 
AL, 25, 2020100606,   , BEST,   0, 213N,  885W,  30, 1005, TD,   0,    ,    0,    0,    0,    0, 1008,  160,  50,   0,   0,    ,   0,    ,   0,   0,      GAMMA,  ,  0,    ,    0,    0,    0,    0, genesis-num, 052, 
AL, 25, 2020100612,   , BEST,   0, 206N,  885W,  25, 1007, TD,   0,    ,    0,    0,    0,    0, 1008,  160,  50,   0,   0,    ,   0,    ,   0,   0,      GAMMA,  ,  0,    ,    0,    0,    0,    0, genesis-num, 052, 
