AL, 24, 2020091412,   , BEST,   0, 472N,  220W,  40, 1002, EX,  34, NEQ,    0,    0,  120,  240, 1008,  240,  90,   0,   0,    ,   0,    ,   0,   0, GENESIS046,  ,  0,    ,    0,    0,    0,    0, genesis-num, 046, 
AL, 24, 2020091418,   , BEST,   0, 472N,  222W,  50,  996, EX,  34, NEQ,  180,   60,  150,  270, 1008,  240,  90,   0,   0,    ,   0,    ,   0,   0, GENESIS046,  ,  0,    ,    0,    0,    0,    0, genesis-num, 046, 
AL, 24, 2020091418,   , BEST,   0, 472N,  222W,  50,  996, EX,  50, NEQ,    0,    0,   60,  140, 1008,  240,  90,   0,   0,    ,   0,    ,   0,   0, GENESIS046,  ,  0,    ,    0,    0,    0,    0, genesis-num, 046, 
AL, 24, 2020091500,   , BEST,   0, 470N,  224W,  60,  992, EX,  34, NEQ,  240,   60,  180,  270, 1008,  240,  90,   0,   0,   L,   0,    ,   0,   0,     INVEST, D,  0,    ,    0,    0,    0,    0, genesis-num, 046, 
AL, 24, 2020091500,   , BEST,   0, 470N,  224W,  60,  992, EX,  50, NEQ,    0,    0,   90,  140, 1008,  240,  90,   0,   0,   L,   0,    ,   0,   0,     INVEST, D,  0,    ,    0,    0,    0,    0, genesis-num, 046, 
AL, 24, 2020091506,   , BEST,   0, 460N,  225W,  60,  994, EX,  34, NEQ,  150,   80,  240,  270, 1008,  240,  90,   0,   0,   L,   0,    ,   0,   0,     INVEST, D,  0,    ,    0,    0,    0,    0, genesis-num, 046, 
AL, 24, 2020091506,   , BEST,   0, 460N,  225W,  60,  994, EX,  50, NEQ,    0,    0,  120,  140, 1008,  240,  90,   0,   0,   L,   0,    ,   0,   0,     INVEST, D,  0,    ,    0,    0,    0,    0, genesis-num, 046, 
AL, 24, 2020091512,   , BEST,   0, 450N,  221W,  50,  996, EX,  34, NEQ,   90,   80,  270,  240, 1008,  210, 100,   0,   0,   L,   0,    ,   0,   0,     INVEST, D,  0,    ,    0,    0,    0,    0, genesis-num, 046, 
AL, 24, 2020091512,   , BEST,   0, 450N,  221W,  50,  996, EX,  50, NEQ,    0,    0,  140,  120, 1008,  210, 100,   0,   0,   L,   0,    ,   0,   0,     INVEST, D,  0,    ,    0,    0,    0,    0, genesis-num, 046, 
AL, 24, 2020091518,   , BEST,   0, 439N,  214W,  45,  998, EX,  34, NEQ,   60,   60,  240,  210, 1008,  210, 100,   0,   0,   L,   0,    ,   0,   0,     INVEST, D,  0,    ,    0,    0,    0,    0, genesis-num, 046, 
AL, 24, 2020091600,   , BEST,   0, 429N,  205W,  40, 1000, EX,  34, NEQ,    0,    0,  210,  180, 1013,  240, 100,   0,   0,   L,   0,    ,   0,   0,     INVEST, D,  0,    ,    0,    0,    0,    0, genesis-num, 046, 
AL, 24, 2020091606,   , BEST,   0, 419N,  198W,  40, 1000, EX,  34, NEQ,    0,    0,  180,  150, 1013,  240, 100,   0,   0,   L,   0,    ,   0,   0,     INVEST, D,  0,    ,    0,    0,    0,    0, genesis-num, 046, 
AL, 24, 2020091612,   , BEST,   0, 409N,  195W,  40, 1000, EX,  34, NEQ,    0,    0,  180,  150, 1013,  240, 100,   0,   0,   L,   0,    ,   0,   0,     INVEST, D,  0,    ,    0,    0,    0,    0, genesis-num, 046, 
AL, 24, 2020091618,   , BEST,   0, 399N,  193W,  40, 1000, EX,  34, NEQ,    0,    0,  120,  120, 1013,  240, 100,   0,   0,    ,   0,    ,   0,   0,     INVEST,  ,  0,    ,    0,    0,    0,    0, genesis-num, 046, 
AL, 24, 2020091700,   , BEST,   0, 389N,  189W,  35, 1002, EX,  34, NEQ,    0,    0,  120,  120, 1013,  240, 100,   0,   0,   L,   0,    ,   0,   0,     INVEST, D,  0,    ,    0,    0,    0,    0, genesis-num, 046, 
AL, 24, 2020091706,   , BEST,   0, 383N,  181W,  35, 1002, SS,  34, NEQ,    0,    0,   90,   90, 1012,  240,  70,   0,   0,   L,   0,    ,   0,   0,     INVEST, D,  0,    ,    0,    0,    0,    0, genesis-num, 046, 
AL, 24, 2020091712,   , BEST,   0, 377N,  173W,  35, 1002, SS,  34, NEQ,    0,    0,   90,   90, 1012,  240,  70,   0,   0,   L,   0,    ,   0,   0,     INVEST, D,  0,    ,    0,    0,    0,    0, genesis-num, 046, 
AL, 24, 2020091718,   , BEST,   0, 367N,  156W,  40,  999, SS,  34, NEQ,    0,   40,   60,   60, 1012,  240,  70,   0,   0,   L,   0,    ,   0,   0,     INVEST, D,  0,    ,    0,    0,    0,    0, genesis-num, 046, 
AL, 24, 2020091800,   , BEST,   0, 367N,  131W,  45,  996, SS,  34, NEQ,    0,   40,   40,    0, 1012,  240,  70,   0,   0,   L,   0,    ,   0,   0,     INVEST, D,  0,    ,    0,    0,    0,    0, genesis-num, 046, 
AL, 24, 2020091806,   , BEST,   0, 379N,  114W,  45,  996, SS,  34, NEQ,   30,   30,   30,    0, 1012,  240,  70,   0,   0,   L,   0,    ,   0,   0,     INVEST, D,  0,    ,    0,    0,    0,    0, genesis-num, 046, 
AL, 24, 2020091812,   , BEST,   0, 389N,  103W,  45,  996, SS,  34, NEQ,   30,   30,   30,    0, 1008,  210,  20,  50,   0,   L,   0,    ,   0,   0,     INVEST, D,  0,    ,    0,    0,    0,    0, genesis-num, 046, TRANSITIONED, alD92020 to al242020, 
AL, 24, 2020091818,   , BEST,   0, 399N,   91W,  45,  996, SS,  34, NEQ,   30,   30,   30,    0, 1007,  180,  20,  55,   0,   L,   0,    ,   0,   0,      ALPHA, D,  0,    ,    0,    0,    0,    0, genesis-num, 046, DISSIPATED, al242020 to al992020, TRANSITIONED, alE92020 to al242020, 
AL, 24, 2020091818, 40, BEST,   0, 400N,   89W,  45,  996, SS,  34, NEQ,   30,   30,   30,    0, 1007,  180,  20,   0,   0, 
AL, 24, 2020091900,   , BEST,   0, 406N,   76W,  30, 1004, SD,   0,    ,    0,    0,    0,    0, 1007,  180,  20,  35,   0,   L,   0,    ,   0,   0,      ALPHA, D,  0,    ,    0,    0,    0,    0, genesis-num, 046, 
