EP, 03, 2022061318,   , BEST,   0, 120N,  880W,  15,    0, DB,   0,    ,    0,    0,    0,    0,    0,    0,   0,   0,   0,   E,   0,    ,   0,   0, GENESIS006,  ,  0,    ,    0,    0,    0,    0, genesis-num, 006, 
EP, 03, 2022061400,   , BEST,   0, 122N,  882W,  15,    0, DB,   0,    ,    0,    0,    0,    0,    0,    0,   0,   0,   0,   E,   0,    ,   0,   0, GENESIS006,  ,  0,    ,    0,    0,    0,    0, genesis-num, 006, 
EP, 03, 2022061406,   , BEST,   0, 123N,  884W,  15,    0, DB,   0,    ,    0,    0,    0,    0,    0,    0,   0,   0,   0,   E,   0,    ,   0,   0, GENESIS006,  ,  0,    ,    0,    0,    0,    0, genesis-num, 006, 
EP, 03, 2022061412,   , BEST,   0, 124N,  889W,  20, 1007, DB,   0,    ,    0,    0,    0,    0, 1009,   90,  40,   0,   0,   E,   0,    ,   0,   0,     INVEST, S,  0,    ,    0,    0,    0,    0, genesis-num, 006, SPAWNINVEST, ep762022 to ep932022, 
EP, 03, 2022061418,   , BEST,   0, 124N,  894W,  25, 1007, DB,   0,    ,    0,    0,    0,    0, 1009,   90,  40,   0,   0,   E,   0,    ,   0,   0,     INVEST, S,  0,    ,    0,    0,    0,    0, genesis-num, 006, 
EP, 03, 2022061500,   , BEST,   0, 122N,  898W,  25, 1007, DB,   0,    ,    0,    0,    0,    0, 1009,  120,  60,   0,   0,   E,   0,    ,   0,   0,     INVEST, S,  0,    ,    0,    0,    0,    0, genesis-num, 006, 
EP, 03, 2022061506,   , BEST,   0, 119N,  902W,  25, 1007, DB,   0,    ,    0,    0,    0,    0, 1009,  120,  60,   0,   0,   E,   0,    ,   0,   0,     INVEST, S,  0,    ,    0,    0,    0,    0, genesis-num, 006, 
EP, 03, 2022061512,   , BEST,   0, 117N,  908W,  25, 1007, DB,   0,    ,    0,    0,    0,    0, 1009,  120,  60,   0,   0,   E,   0,    ,   0,   0,     INVEST, S,  0,    ,    0,    0,    0,    0, genesis-num, 006, 
EP, 03, 2022061518,   , BEST,   0, 116N,  910W,  25, 1007, DB,   0,    ,    0,    0,    0,    0, 1009,  120,  50,   0,   0,   E,   0,    ,   0,   0,     INVEST, S,  0,    ,    0,    0,    0,    0, genesis-num, 006, 
EP, 03, 2022061600,   , BEST,   0, 115N,  914W,  25, 1007, DB,   0,    ,    0,    0,    0,    0, 1009,  120,  50,   0,   0,   E,   0,    ,   0,   0,     INVEST, S,  0,    ,    0,    0,    0,    0, genesis-num, 006, 
EP, 03, 2022061606,   , BEST,   0, 111N,  911W,  25, 1007, DB,   0,    ,    0,    0,    0,    0, 1009,  120,  50,  35,   0,   E,   0,    ,   0,   0,     INVEST, S,  0,    ,    0,    0,    0,    0, genesis-num, 006, 
EP, 03, 2022061612,   , BEST,   0, 107N,  902W,  25, 1006, LO,   0,    ,    0,    0,    0,    0, 1009,  120,  40,  35,   0,   E,   0,    ,   0,   0,     INVEST, S,  0,    ,    0,    0,    0,    0, genesis-num, 006, 
EP, 03, 2022061618,   , BEST,   0, 107N,  900W,  30, 1006, TD,   0,    ,    0,    0,    0,    0, 1009,  120,  40,  40,   0,   E,   0,    ,   0,   0,      THREE, S,  0,    ,    0,    0,    0,    0, genesis-num, 006, TRANSITIONED, epA32022 to ep032022, 
EP, 03, 2022061700,   , BEST,   0, 107N,  897W,  30, 1006, TD,   0,    ,    0,    0,    0,    0, 1009,  100,  40,  40,   0,   E,   0,    ,   0,   0,      THREE, M,  0,    ,    0,    0,    0,    0, genesis-num, 006, 
EP, 03, 2022061706,   , BEST,   0, 110N,  895W,  30, 1006, TD,   0,    ,    0,    0,    0,    0, 1009,  100,  40,  40,   0,   E,   0,    ,   0,   0,      THREE, M,  0,    ,    0,    0,    0,    0, genesis-num, 006, 
EP, 03, 2022061712,   , BEST,   0, 115N,  894W,  35, 1004, TS,  34, NEQ,    0,   30,   30,   30, 1009,  100,  30,  45,   0,   E,   0,    ,   0,   0,      THREE, M,  0,    ,    0,    0,    0,    0, genesis-num, 006, 
EP, 03, 2022061718,   , BEST,   0, 117N,  894W,  35, 1004, TS,  34, NEQ,    0,   30,   30,   30, 1009,  100,  30,  45,   0,   E,   0,    ,   0,   0,      CELIA, M,  0,    ,    0,    0,    0,    0, genesis-num, 006, 
EP, 03, 2022061800,   , BEST,   0, 119N,  891W,  30, 1005, TD,   0,    ,    0,    0,    0,    0, 1009,  100,  30,  40,   0,   E,   0,    ,   0,   0,      CELIA, S,  0,    ,    0,    0,    0,    0, genesis-num, 006, 
EP, 03, 2022061806,   , BEST,   0, 124N,  893W,  30, 1006, TD,   0,    ,    0,    0,    0,    0, 1010,  100,  30,  40,   0,   E,   0,    ,   0,   0,      CELIA, S,  0,    ,    0,    0,    0,    0, genesis-num, 006, 
EP, 03, 2022061812,   , BEST,   0, 128N,  898W,  30, 1006, TD,   0,    ,    0,    0,    0,    0, 1010,  100,  30,  40,   0,   E,   0,    ,   0,   0,      CELIA, S,  0,    ,    0,    0,    0,    0, genesis-num, 006, 
EP, 03, 2022061818,   , BEST,   0, 129N,  901W,  25, 1007, TD,   0,    ,    0,    0,    0,    0, 1010,  100,  20,  35,   0,   E,   0,    ,   0,   0,      CELIA, S,  0,    ,    0,    0,    0,    0, genesis-num, 006, 
EP, 03, 2022061900,   , BEST,   0, 131N,  903W,  25, 1007, TD,   0,    ,    0,    0,    0,    0, 1010,  100,  20,  35,   0,   E,   0,    ,   0,   0,      CELIA, S,  0,    ,    0,    0,    0,    0, genesis-num, 006, 
EP, 03, 2022061906,   , BEST,   0, 131N,  909W,  25, 1008, TD,   0,    ,    0,    0,    0,    0, 1010,  100,  20,  35,   0,   E,   0,    ,   0,   0,      CELIA, S,  0,    ,    0,    0,    0,    0, genesis-num, 006, 
EP, 03, 2022061912,   , BEST,   0, 129N,  919W,  25, 1008, TD,   0,    ,    0,    0,    0,    0, 1010,  100,  20,  35,   0,   E,   0,    ,   0,   0,      CELIA, S,  0,    ,    0,    0,    0,    0, genesis-num, 006, 
EP, 03, 2022061918,   , BEST,   0, 127N,  931W,  25, 1008, TD,   0,    ,    0,    0,    0,    0, 1011,  130,  40,  35,   0,   E,   0,    ,   0,   0,      CELIA, S,  0,    ,    0,    0,    0,    0, genesis-num, 006, 
EP, 03, 2022062000,   , BEST,   0, 123N,  934W,  25, 1008, TD,   0,    ,    0,    0,    0,    0, 1011,  130,  40,  35,   0,   E,   0,    ,   0,   0,      CELIA, S,  0,    ,    0,    0,    0,    0, genesis-num, 006, 
EP, 03, 2022062006,   , BEST,   0, 120N,  939W,  25, 1008, TD,   0,    ,    0,    0,    0,    0, 1011,  130,  40,  35,   0,   E,   0,    ,   0,   0,      CELIA, S,  0,    ,    0,    0,    0,    0, genesis-num, 006, 
EP, 03, 2022062012,   , BEST,   0, 117N,  944W,  25, 1008, TD,   0,    ,    0,    0,    0,    0, 1011,  130,  40,  35,   0,   E,   0,    ,   0,   0,      CELIA, S,  0,    ,    0,    0,    0,    0, genesis-num, 006, 
EP, 03, 2022062018,   , BEST,   0, 118N,  958W,  30, 1006, TD,   0,    ,    0,    0,    0,    0, 1010,  120,  40,  40,   0,   E,   0,    ,   0,   0,      CELIA, S,  0,    ,    0,    0,    0,    0, genesis-num, 006, 
EP, 03, 2022062100,   , BEST,   0, 117N,  969W,  30, 1006, TD,   0,    ,    0,    0,    0,    0, 1010,  120,  40,  40,   0,   E,   0,    ,   0,   0,      CELIA, S,  0,    ,    0,    0,    0,    0, genesis-num, 006, 
EP, 03, 2022062106,   , BEST,   0, 116N,  980W,  30, 1006, TD,   0,    ,    0,    0,    0,    0, 1010,  120,  40,  40,   0,   E,   0,    ,   0,   0,      CELIA, M,  0,    ,    0,    0,    0,    0, genesis-num, 006, 
EP, 03, 2022062112,   , BEST,   0, 118N,  994W,  35, 1005, TS,  34, NEQ,   50,    0,    0,   50, 1010,  120,  40,  45,   0,   E,   0,    ,   0,   0,      CELIA, M,  0,    ,    0,    0,    0,    0, genesis-num, 006, 
EP, 03, 2022062118,   , BEST,   0, 123N, 1008W,  40, 1004, TS,  34, NEQ,    0,    0,   50,    0, 1010,  210,  60,  50,   0,   E,   0,    ,   0,   0,      CELIA, M, 12, NEQ,   30,   30,    0,   30, genesis-num, 006, 
EP, 03, 2022062200,   , BEST,   0, 128N, 1014W,  40, 1004, TS,  34, NEQ,    0,    0,   50,    0, 1010,  210,  50,  50,   0,   E,   0,    ,   0,   0,      CELIA, M, 12, NEQ,   30,   30,    0,   30, genesis-num, 006, 
EP, 03, 2022062206,   , BEST,   0, 132N, 1025W,  40, 1004, TS,  34, NEQ,    0,   50,   50,    0, 1010,  210,  50,  50,   0,   E,   0,    ,   0,   0,      CELIA, M, 12, NEQ,   90,   90,    0,   30, genesis-num, 006, 
EP, 03, 2022062212,   , BEST,   0, 135N, 1032W,  40, 1003, TS,  34, NEQ,    0,   50,   50,    0, 1009,  180,  50,  50,   0,   E,   0,    ,   0,   0,      CELIA, M, 12, NEQ,   60,   60,    0,    0, genesis-num, 006, 
EP, 03, 2022062218,   , BEST,   0, 136N, 1039W,  45, 1001, TS,  34, NEQ,   40,   60,   60,   40, 1009,  180,  50,  55,   0,   E,   0,    ,   0,   0,      CELIA, M, 12, NEQ,   30,   30,    0,    0, genesis-num, 006, 
EP, 03, 2022062300,   , BEST,   0, 139N, 1041W,  45, 1000, TS,  34, NEQ,   40,   60,   60,   40, 1009,  180,  50,  55,   0,   E,   0,    ,   0,   0,      CELIA, M, 12, NEQ,   30,   30,    0,    0, genesis-num, 006, 
EP, 03, 2022062306,   , BEST,   0, 151N, 1047W,  45, 1000, TS,  34, NEQ,   40,   60,   60,   40, 1009,  180,  50,  55,   0,   E,   0,    ,   0,   0,      CELIA, M, 12, NEQ,   60,  150,  120,    0, genesis-num, 006, 
EP, 03, 2022062312,   , BEST,   0, 158N, 1056W,  45, 1000, TS,  34, NEQ,   60,   50,   40,   50, 1009,  210,  40,  55,   0,   E,   0,    ,   0,   0,      CELIA, M, 12, NEQ,   90,   90,  120,   90, genesis-num, 006, 
EP, 03, 2022062318,   , BEST,   0, 162N, 1064W,  45, 1000, TS,  34, NEQ,   60,   50,   40,   50, 1008,  210,  40,  55,   0,   E,   0,    ,   0,   0,      CELIA, M, 12, NEQ,  210,  150,   30,   90, genesis-num, 006, 
EP, 03, 2022062400,   , BEST,   0, 166N, 1072W,  45,  999, TS,  34, NEQ,   60,   50,   40,   50, 1008,  210,  40,  55,   0,   E,   0,    ,   0,   0,      CELIA, M, 12, NEQ,  170,   80,   70,  100, genesis-num, 006, 
EP, 03, 2022062406,   , BEST,   0, 168N, 1077W,  50,  997, TS,  34, NEQ,   90,   60,   40,   50, 1008,  210,  30,  60,   0,   E,   0,    ,   0,   0,      CELIA, M, 12, NEQ,  210,  120,   60,  135, genesis-num, 006, 
EP, 03, 2022062406,   , BEST,   0, 168N, 1077W,  50,  997, TS,  50, NEQ,   30,    0,    0,    0, 1008,  210,  30,  60,   0,   E,   0,    ,   0,   0,      CELIA, M, 12, NEQ,  210,  120,   60,  135, genesis-num, 006, 
EP, 03, 2022062412,   , BEST,   0, 169N, 1082W,  55,  996, TS,  34, NEQ,   90,   60,   40,   50, 1009,  250,  30,  65,   0,   E,   0,    ,   0,   0,      CELIA, M, 12, NEQ,  210,   90,   60,  135, genesis-num, 006, 
EP, 03, 2022062412,   , BEST,   0, 169N, 1082W,  55,  996, TS,  50, NEQ,   30,    0,    0,    0, 1009,  250,  30,  65,   0,   E,   0,    ,   0,   0,      CELIA, M, 12, NEQ,  210,   90,   60,  135, genesis-num, 006, 
EP, 03, 2022062418,   , BEST,   0, 171N, 1087W,  55,  993, TS,  34, NEQ,   90,   60,    0,    0, 1009,  270,  20,  75,   0,   E,   0,    ,   0,   0,      CELIA, M, 12, NEQ,  180,  120,   75,  150, genesis-num, 006, 
EP, 03, 2022062418,   , BEST,   0, 171N, 1087W,  55,  993, TS,  50, NEQ,   30,   30,    0,    0, 1009,  270,  20,  75,   0,   E,   0,    ,   0,   0,      CELIA, M, 12, NEQ,  180,  120,   75,  150, genesis-num, 006, 
EP, 03, 2022062500,   , BEST,   0, 176N, 1093W,  55,  993, TS,  34, NEQ,   90,   70,    0,    0, 1009,  300,  50,  65,   0,   E,   0,    ,   0,   0,      CELIA, M, 12, NEQ,  180,  120,   90,  180, genesis-num, 006, 
EP, 03, 2022062500,   , BEST,   0, 176N, 1093W,  55,  993, TS,  50, NEQ,   50,   50,    0,    0, 1009,  300,  50,  65,   0,   E,   0,    ,   0,   0,      CELIA, M, 12, NEQ,  180,  120,   90,  180, genesis-num, 006, 
EP, 03, 2022062506,   , BEST,   0, 179N, 1098W,  55,  993, TS,  34, NEQ,   90,   70,   50,   50, 1009,  300,  50,  65,   0,   E,   0,    ,   0,   0,      CELIA, M, 12, NEQ,  180,  120,   90,  180, genesis-num, 006, 
EP, 03, 2022062506,   , BEST,   0, 179N, 1098W,  55,  993, TS,  50, NEQ,   50,   50,    0,   40, 1009,  300,  50,  65,   0,   E,   0,    ,   0,   0,      CELIA, M, 12, NEQ,  180,  120,   90,  180, genesis-num, 006, 
EP, 03, 2022062512,   , BEST,   0, 183N, 1104W,  55,  994, TS,  34, NEQ,   90,   70,   50,   50, 1009,  280,  50,  65,   0,   E,   0,    ,   0,   0,      CELIA, M, 12, NEQ,  180,  150,   90,  180, genesis-num, 006, 
EP, 03, 2022062512,   , BEST,   0, 183N, 1104W,  55,  994, TS,  50, NEQ,   50,   50,    0,   30, 1009,  280,  50,  65,   0,   E,   0,    ,   0,   0,      CELIA, M, 12, NEQ,  180,  150,   90,  180, genesis-num, 006, 
EP, 03, 2022062518,   , BEST,   0, 185N, 1112W,  50,  995, TS,  34, NEQ,   90,   70,   50,   60, 1009,  240,  40,  60,   0,   E,   0,    ,   0,   0,      CELIA, M, 12, NEQ,  210,  150,   75,  150, genesis-num, 006, 
EP, 03, 2022062518,   , BEST,   0, 185N, 1112W,  50,  995, TS,  50, NEQ,   40,   40,    0,   30, 1009,  240,  40,  60,   0,   E,   0,    ,   0,   0,      CELIA, M, 12, NEQ,  210,  150,   75,  150, genesis-num, 006, 
EP, 03, 2022062600,   , BEST,   0, 188N, 1122W,  50,  995, TS,  34, NEQ,   90,   70,   50,   60, 1009,  240,  40,  60,   0,   E,   0,    ,   0,   0,      CELIA, M, 12, NEQ,  210,  180,   90,  120, genesis-num, 006, 
EP, 03, 2022062600,   , BEST,   0, 188N, 1122W,  50,  995, TS,  50, NEQ,   40,   40,    0,   30, 1009,  240,  40,  60,   0,   E,   0,    ,   0,   0,      CELIA, M, 12, NEQ,  210,  180,   90,  120, genesis-num, 006, 
EP, 03, 2022062606,   , BEST,   0, 189N, 1127W,  45,  997, TS,  34, NEQ,   90,   70,   50,   60, 1010,  230,  40,  55,   0,   E,   0,    ,   0,   0,      CELIA, M, 12, NEQ,  210,  180,   90,  120, genesis-num, 006, 
EP, 03, 2022062612,   , BEST,   0, 190N, 1133W,  45,  997, TS,  34, NEQ,   90,   70,   50,   60, 1010,  230,  40,  55,   0,   E,   0,    ,   0,   0,      CELIA, M, 12, NEQ,  180,  180,   75,  135, genesis-num, 006, 
EP, 03, 2022062618,   , BEST,   0, 193N, 1138W,  45,  997, TS,  34, NEQ,   90,   90,   50,   60, 1012,  230,  40,  55,   0,   E,   0,    ,   0,   0,      CELIA, M,  0,    ,    0,    0,    0,    0, genesis-num, 006, 
EP, 03, 2022062700,   , BEST,   0, 198N, 1146W,  45,  998, TS,  34, NEQ,   90,   90,   60,   70, 1012,  230,  30,  60,   0,   E,   0,    ,   0,   0,      CELIA, M, 12, NEQ,  150,   90,   90,  180, genesis-num, 006, 
EP, 03, 2022062706,   , BEST,   0, 201N, 1155W,  45, 1000, TS,  34, NEQ,   40,   30,   30,   60, 1012,  230,  30,  55,   0,   E,   0,    ,   0,   0,      CELIA, M, 12, NEQ,  150,   90,   90,  150, genesis-num, 006, 
EP, 03, 2022062712,   , BEST,   0, 204N, 1165W,  40, 1002, TS,  34, NEQ,   40,   30,   30,   50, 1012,  230,  30,  50,   0,   E,   0,    ,   0,   0,      CELIA, M, 12, NEQ,  135,   90,   75,  135, genesis-num, 006, 
EP, 03, 2022062718,   , BEST,   0, 207N, 1175W,  35, 1004, TS,  34, NEQ,   40,   20,   10,   50, 1012,  230,  30,   0,   0,   E,   0,    ,   0,   0,      CELIA, M,  0,    ,    0,    0,    0,    0, genesis-num, 006, 
EP, 03, 2022062800,   , BEST,   0, 211N, 1183W,  35, 1004, TS,  34, NEQ,   30,    0,    0,   40, 1012,  240,  30,  45,   0,   E,   0,    ,   0,   0,      CELIA, M,  0,    ,    0,    0,    0,    0, genesis-num, 006, 
EP, 03, 2022062806,   , BEST,   0, 216N, 1191W,  30, 1006, TD,   0,    ,    0,    0,    0,    0, 1012,  240,  30,  40,   0,   E,   0,    ,   0,   0,      CELIA, M, 12, NEQ,  120,   60,   60,  120, genesis-num, 006, 
EP, 03, 2022062812,   , BEST,   0, 221N, 1200W,  30, 1006, TD,   0,    ,    0,    0,    0,    0, 1012,  240,  30,  40,   0,   E,   0,    ,   0,   0,      CELIA, M, 12, NEQ,   60,   30,   30,   60, genesis-num, 006, 
EP, 03, 2022062818,   , BEST,   0, 224N, 1209W,  30, 1007, TD,  34, NEQ,    0,    0,    0,    0, 1013,  200,  30,  40,   0,   E,   0,    ,   0,   0,      CELIA, S, 12, NEQ,   60,   30,   30,   60, genesis-num, 006, 
