EP, 14, 2022091118,   , BEST,   0, 158N, 1049W,  20, 1009, LO,   0,    ,    0,    0,    0,    0,    0,    0,   0,   0,   0,   E,   0,    ,   0,   0, GENESIS021,  ,  0,    ,    0,    0,    0,    0, genesis-num, 021, 
EP, 14, 2022091200,   , BEST,   0, 158N, 1056W,  20, 1009, LO,   0,    ,    0,    0,    0,    0,    0,    0,   0,   0,   0,   E,   0,    ,   0,   0, GENESIS021,  ,  0,    ,    0,    0,    0,    0, genesis-num, 021, 
EP, 14, 2022091206,   , BEST,   0, 158N, 1062W,  25, 1008, LO,   0,    ,    0,    0,    0,    0,    0,    0,   0,   0,   0,   E,   0,    ,   0,   0, GENESIS021,  ,  0,    ,    0,    0,    0,    0, genesis-num, 021, 
EP, 14, 2022091212,   , BEST,   0, 158N, 1068W,  25, 1008, LO,   0,    ,    0,    0,    0,    0, 1010,   90,  30,   0,   0,   E,   0,    ,   0,   0,     INVEST, S,  0,    ,    0,    0,    0,    0, genesis-num, 021, SPAWNINVEST, ep732022 to ep942022, 
EP, 14, 2022091218,   , BEST,   0, 158N, 1075W,  25, 1008, LO,   0,    ,    0,    0,    0,    0, 1012,   90,  30,   0,   0,   E,   0,    ,   0,   0,     INVEST, S,  0,    ,    0,    0,    0,    0, genesis-num, 021, 
EP, 14, 2022091300,   , BEST,   0, 158N, 1083W,  25, 1008, LO,   0,    ,    0,    0,    0,    0, 1012,   90,  30,   0,   0,   E,   0,    ,   0,   0,     INVEST, S,  0,    ,    0,    0,    0,    0, genesis-num, 021, 
EP, 14, 2022091306,   , BEST,   0, 156N, 1082W,  25, 1008, LO,   0,    ,    0,    0,    0,    0, 1012,  120,  30,   0,   0,   E,   0,    ,   0,   0,     INVEST, S,  0,    ,    0,    0,    0,    0, genesis-num, 021, 
EP, 14, 2022091312,   , BEST,   0, 159N, 1081W,  20, 1008, LO,   0,    ,    0,    0,    0,    0, 1010,  120,  30,   0,   0,   E,   0,    ,   0,   0,     INVEST, S,  0,    ,    0,    0,    0,    0, genesis-num, 021, 
EP, 14, 2022091318,   , BEST,   0, 160N, 1085W,  20, 1009, LO,   0,    ,    0,    0,    0,    0, 1010,  120,  30,   0,   0,   E,   0,    ,   0,   0,     INVEST, S,  0,    ,    0,    0,    0,    0, genesis-num, 021, 
EP, 14, 2022091400,   , BEST,   0, 160N, 1086W,  20, 1009, LO,   0,    ,    0,    0,    0,    0, 1010,  120,  30,   0,   0,   E,   0,    ,   0,   0,     INVEST, S,  0,    ,    0,    0,    0,    0, genesis-num, 021, 
EP, 14, 2022091406,   , BEST,   0, 160N, 1086W,  20, 1009, LO,   0,    ,    0,    0,    0,    0, 1010,  120,  30,   0,   0,   E,   0,    ,   0,   0,     INVEST, S,  0,    ,    0,    0,    0,    0, genesis-num, 021, 
EP, 14, 2022091412,   , BEST,   0, 159N, 1084W,  20, 1008, LO,   0,    ,    0,    0,    0,    0, 1009,  120,  30,   0,   0,   E,   0,    ,   0,   0,     INVEST, S,  0,    ,    0,    0,    0,    0, genesis-num, 021, 
EP, 14, 2022091418,   , BEST,   0, 155N, 1080W,  25, 1007, LO,   0,    ,    0,    0,    0,    0, 1009,  120,  30,   0,   0,   E,   0,    ,   0,   0,     INVEST, S,  0,    ,    0,    0,    0,    0, genesis-num, 021, 
EP, 14, 2022091500,   , BEST,   0, 154N, 1078W,  25, 1007, LO,   0,    ,    0,    0,    0,    0, 1009,  120,  30,   0,   0,   E,   0,    ,   0,   0,     INVEST, S,  0,    ,    0,    0,    0,    0, genesis-num, 021, 
EP, 14, 2022091506,   , BEST,   0, 153N, 1074W,  25, 1007, LO,   0,    ,    0,    0,    0,    0, 1009,  120,  30,   0,   0,   E,   0,    ,   0,   0,     INVEST, S,  0,    ,    0,    0,    0,    0, genesis-num, 021, 
EP, 14, 2022091512,   , BEST,   0, 152N, 1070W,  25, 1007, LO,   0,    ,    0,    0,    0,    0, 1009,  200,  50,   0,   0,   E,   0,    ,   0,   0,     INVEST, S,  0,    ,    0,    0,    0,    0, genesis-num, 021, 
EP, 14, 2022091518,   , BEST,   0, 152N, 1065W,  25, 1007, LO,   0,    ,    0,    0,    0,    0, 1010,  200,  50,   0,   0,   E,   0,    ,   0,   0,     INVEST, S,  0,    ,    0,    0,    0,    0, genesis-num, 021, 
EP, 14, 2022091600,   , BEST,   0, 152N, 1068W,  25, 1007, LO,   0,    ,    0,    0,    0,    0, 1010,  200,  50,  35,   0,   E,   0,    ,   0,   0,     INVEST, S,  0,    ,    0,    0,    0,    0, genesis-num, 021, 
EP, 14, 2022091606,   , BEST,   0, 148N, 1072W,  25, 1007, LO,   0,    ,    0,    0,    0,    0, 1010,  200,  50,   0,   0,   E,   0,    ,   0,   0,     INVEST, S,  0,    ,    0,    0,    0,    0, genesis-num, 021, 
EP, 14, 2022091612,   , BEST,   0, 145N, 1069W,  25, 1007, LO,   0,    ,    0,    0,    0,    0, 1010,  200,  50,   0,   0,   E,   0,    ,   0,   0,     INVEST, S,  0,    ,    0,    0,    0,    0, genesis-num, 021, 
EP, 14, 2022091618,   , BEST,   0, 147N, 1069W,  30, 1006, DB,   0,    ,    0,    0,    0,    0, 1010,  200,  50,  40,   0,   E,   0,    ,   0,   0,     INVEST, S,  0,    ,    0,    0,    0,    0, genesis-num, 021, 
EP, 14, 2022091700,   , BEST,   0, 147N, 1067W,  30, 1006, DB,   0,    ,    0,    0,    0,    0, 1010,  200,  50,  40,   0,   E,   0,    ,   0,   0,     INVEST, S,  0,    ,    0,    0,    0,    0, genesis-num, 021, 
EP, 14, 2022091706,   , BEST,   0, 149N, 1065W,  30, 1006, LO,   0,    ,    0,    0,    0,    0, 1008,  180,  50,  40,   0,   E,   0,    ,   0,   0,     INVEST, S,  0,    ,    0,    0,    0,    0, genesis-num, 021, 
EP, 14, 2022091712,   , BEST,   0, 155N, 1065W,  35, 1003, LO,  34, NEQ,    0,  150,  180,    0, 1007,  160,  50,  45,   0,   E,   0,    ,   0,   0,     INVEST, S,  0,    ,    0,    0,    0,    0, genesis-num, 021, 
EP, 14, 2022091718,   , BEST,   0, 158N, 1068W,  40, 1000, LO,  34, NEQ,    0,  110,   70,    0, 1007,  160,  50,  50,   0,   E,   0,    ,   0,   0,   MADELINE, S,  0,    ,    0,    0,    0,    0, genesis-num, 021, TRANSITIONED, epB42022 to ep142022, 
EP, 14, 2022091800,   , BEST,   0, 165N, 1067W,  40, 1000, TS,  34, NEQ,    0,  110,   70,    0, 1007,  160,  50,  50,   0,   E,   0,    ,   0,   0,   MADELINE, S, 12, NEQ,  120,  210,    0,    0, genesis-num, 021, 
EP, 14, 2022091806,   , BEST,   0, 173N, 1066W,  40, 1000, TS,  34, NEQ,   90,  130,  130,    0, 1007,  160,  70,  50,   0,   E,   0,    ,   0,   0,   MADELINE, M, 12, NEQ,  120,  210,    0,    0, genesis-num, 021, 
EP, 14, 2022091812,   , BEST,   0, 181N, 1068W,  40,  998, TS,  34, NEQ,   90,  130,  130,    0, 1006,  140,  70,  50,   0,   E,   0,    ,   0,   0,   MADELINE, M, 12, NEQ,  210,  330,  270,    0, genesis-num, 021, 
EP, 14, 2022091818,   , BEST,   0, 185N, 1071W,  40,  999, TS,  34, NEQ,   90,  110,  110,   50, 1006,  130,  70,  50,   0,   E,   0,    ,   0,   0,   MADELINE, M, 12, NEQ,  150,  330,  300,   60, genesis-num, 021, 
EP, 14, 2022091900,   , BEST,   0, 191N, 1076W,  45,  996, TS,  34, NEQ,   90,  110,  110,   50, 1006,  130,  70,  55,   0,   E,   0,    ,   0,   0,   MADELINE, M, 12, NEQ,  150,  390,  360,   60, genesis-num, 021, 
EP, 14, 2022091906,   , BEST,   0, 199N, 1080W,  50,  993, TS,  34, NEQ,  100,  100,   80,   50, 1006,  140,  40,  60,   0,   E,   0,    ,   0,   0,   MADELINE, M, 12, NEQ,  150,  390,  360,   60, genesis-num, 021, 
EP, 14, 2022091906,   , BEST,   0, 199N, 1080W,  50,  993, TS,  50, NEQ,   40,   50,    0,    0, 1006,  140,  40,  60,   0,   E,   0,    ,   0,   0,   MADELINE, M, 12, NEQ,  150,  390,  360,   60, genesis-num, 021, 
EP, 14, 2022091912,   , BEST,   0, 204N, 1085W,  55,  992, TS,  34, NEQ,  100,  100,   80,   50, 1006,  140,  30,  65,   0,   E,   0,    ,   0,   0,   MADELINE, M, 12, NEQ,  150,  390,  360,   90, genesis-num, 021, 
EP, 14, 2022091912,   , BEST,   0, 204N, 1085W,  55,  992, TS,  50, NEQ,   40,   50,    0,    0, 1006,  140,  30,  65,   0,   E,   0,    ,   0,   0,   MADELINE, M, 12, NEQ,  150,  390,  360,   90, genesis-num, 021, 
EP, 14, 2022091918,   , BEST,   0, 208N, 1095W,  50,  994, TS,  34, NEQ,   70,   80,   80,   50, 1006,  140,  30,  60,   0,   E,   0,    ,   0,   0,   MADELINE, M, 12, NEQ,  180,  360,  330,  120, genesis-num, 021, 
EP, 14, 2022091918,   , BEST,   0, 208N, 1095W,  50,  994, TS,  50, NEQ,    0,   40,   40,    0, 1006,  140,  30,  60,   0,   E,   0,    ,   0,   0,   MADELINE, M, 12, NEQ,  180,  360,  330,  120, genesis-num, 021, 
EP, 14, 2022092000,   , BEST,   0, 210N, 1103W,  45,  997, TS,  34, NEQ,   70,   80,   80,   50, 1006,  140,  30,  55,   0,   E,   0,    ,   0,   0,   MADELINE, M, 12, NEQ,  180,  360,  330,  120, genesis-num, 021, 
EP, 14, 2022092006,   , BEST,   0, 211N, 1110W,  40,  999, TS,  34, NEQ,   60,   50,   30,   40, 1007,  160,  30,  50,   0,   E,   0,    ,   0,   0,   MADELINE, M, 12, NEQ,  180,  360,  330,  120, genesis-num, 021, 
EP, 14, 2022092012,   , BEST,   0, 211N, 1117W,  30, 1002, TD,   0,    ,    0,    0,    0,    0, 1007,  140,  30,  40,   0,   E,   0,    ,   0,   0,   MADELINE, M,  0,    ,    0,    0,    0,    0, genesis-num, 021, 
EP, 14, 2022092018,   , BEST,   0, 212N, 1122W,  30, 1004, LO,  34, NEQ,    0,    0,    0,    0, 1009,  125,  30,  40,   0,   E,   0,    ,   0,   0,   MADELINE, S,  0,    ,    0,    0,    0,    0, genesis-num, 021, 
