WP, 21, 2021092100,   , BEST,   0, 129N, 1190E,  15, 1008, DB,   0,    ,    0,    0,    0,    0,    0,    0,   0,   0,   0,    ,   0,    ,   0,   0,     INVEST,  ,  
WP, 21, 2021092106,   , BEST,   0, 120N, 1184E,  15, 1008, DB,  34, NEQ,    0,    0,    0,    0,    0,    0,   0,   0,   0,    ,   0,    ,   0,   0,     INVEST,  ,  
WP, 21, 2021092112,   , BEST,   0, 117N, 1176E,  15, 1007, DB,  34, NEQ,    0,    0,    0,    0,    0,    0,   0,   0,   0,    ,   0,    ,   0,   0,     INVEST,  ,  
WP, 21, 2021092118,   , BEST,   0, 117N, 1164E,  15, 1008, DB,  34, NEQ,    0,    0,    0,    0,    0,    0,   0,   0,   0,    ,   0,    ,   0,   0,     INVEST,  ,  
WP, 21, 2021092200,   , BEST,   0, 119N, 1154E,  15, 1008, DB,  34, NEQ,    0,    0,    0,    0,    0,    0,   0,   0,   0,    ,   0,    ,   0,   0,     INVEST,  ,  
WP, 21, 2021092206,   , BEST,   0, 123N, 1144E,  20, 1007, DB,  34, NEQ,    0,    0,    0,    0, 1008,  100,  40,   0,   0,   W,   0,    ,   0,   0,     INVEST, S,  
WP, 21, 2021092212,   , BEST,   0, 126N, 1135E,  20, 1008, DB,  34, NEQ,    0,    0,    0,    0, 1008,  100,  40,   0,   0,   W,   0,    ,   0,   0,  TWENTYONE, S,  0,    ,    0,    0,    0,    0, TRANSITIONED, wpE02021 to wp212021,                                                                                                                                                                                       
WP, 21, 2021092218,   , BEST,   0, 132N, 1126E,  25, 1004, TD,  34, NEQ,    0,    0,    0,    0, 1008,  100,  40,   0,   0,   W,   0,    ,   0,   0,  TWENTYONE, S,  
WP, 21, 2021092300,   , BEST,   0, 139N, 1117E,  30, 1003, TD,  34, NEQ,    0,    0,    0,    0, 1009,  180,  35,   0,   0,   W,   0,    ,   0,   0,  TWENTYONE, S,  
WP, 21, 2021092306,   , BEST,   0, 146N, 1106E,  30, 1002, TD,  34, NEQ,    0,    0,    0,    0, 1009,  180,  35,   0,   0,   W,   0,    ,   0,   0,  TWENTYONE, S,  
WP, 21, 2021092312,   , BEST,   0, 150N, 1092E,  35, 1001, TS,  34, NEQ,   30,   25,    0,   30, 1009,  145,  30,   0,   0,   W,   0,    ,   0,   0,  TWENTYONE, S,  
WP, 21, 2021092318,   , BEST,   0, 154N, 1078E,  30, 1006, TD,   0,    ,    0,    0,    0,    0, 1009,  155,  40,   0,   0,    ,   0,    ,   0,   0,  TWENTYONE,  ,  
WP, 21, 2021092400,   , BEST,   0, 156N, 1064E,  25, 1007, TD,   0,    ,    0,    0,    0,    0, 1009,  155,  40,   0,   0,    ,   0,    ,   0,   0,  TWENTYONE,  ,  
WP, 21, 2021092406,   , BEST,   0, 162N, 1058E,  20, 1007, DB,   0,    ,    0,    0,    0,    0, 1009,  155,  40,   0,   0,    ,   0,    ,   0,   0,  TWENTYONE,  ,  
WP, 21, 2021092412,   , BEST,   0, 168N, 1053E,  15, 1009, DB,  34, NEQ,    0,    0,    0,    0, 1009,  155,  40,   0,   0,    ,   0,    ,   0,   0,  TWENTYONE,  ,  
