WP, 04, 2018050900,   , BEST,   0, 145N, 1530E,  20, 1007, DB,   0,    ,    0,    0,    0,    0, 1011,  160,  65,   0,   0,    ,   0,    ,   0,   0,     INVEST,  ,  
WP, 04, 2018050906,   , BEST,   0, 146N, 1529E,  20, 1007, DB,   0,    ,    0,    0,    0,    0, 1011,  160,  65,   0,   0,    ,   0,    ,   0,   0,     INVEST,  ,  
WP, 04, 2018050912,   , BEST,   0, 149N, 1531E,  20, 1007, DB,   0,    ,    0,    0,    0,    0, 1011,  160,  65,   0,   0,    ,   0,    ,   0,   0,     INVEST,  ,  
WP, 04, 2018050918,   , BEST,   0, 151N, 1531E,  20, 1007, DB,   0,    ,    0,    0,    0,    0, 1011,  160,  65,   0,   0,    ,   0,    ,   0,   0,     INVEST,  ,  
WP, 04, 2018051000,   , BEST,   0, 153N, 1531E,  20, 1007, DB,   0,    ,    0,    0,    0,    0, 1011,  160,  65,   0,   0,    ,   0,    ,   0,   0,     INVEST,  ,  
WP, 04, 2018051003,   , BEST,   0, 159N, 1532E,  20, 1007, DB,   0,    ,    0,    0,    0,    0, 1011,  160,  65,   0,   0,    ,   0,    ,   0,   0,     INVEST,  ,  
WP, 04, 2018051006,   , BEST,   0, 162N, 1529E,  20, 1007, DB,   0,    ,    0,    0,    0,    0, 1011,  160,  65,   0,   0,    ,   0,    ,   0,   0,     INVEST,  ,  
WP, 04, 2018051012,   , BEST,   0, 165N, 1525E,  20, 1006, DB,   0,    ,    0,    0,    0,    0, 1011,  160,  65,   0,   0,   W,   0,    ,   0,   0,     INVEST, S,  
WP, 04, 2018051018,   , BEST,   0, 167N, 1519E,  25, 1006, TD,   0,    ,    0,    0,    0,    0, 1011,  120,  65,   0,   0,   W,   0,    ,   0,   0,     INVEST, S,  
WP, 04, 2018051100,   , BEST,   0, 168N, 1513E,  30, 1005, TD,   0,    ,    0,    0,    0,    0, 1010,  120,  40,   0,   0,   W,   0,    ,   0,   0,     INVEST, S,  
WP, 04, 2018051106,   , BEST,   0, 170N, 1507E,  30, 1005, TD,   0,    ,    0,    0,    0,    0, 1009,  150,  40,   0,   0,   W,   0,    ,   0,   0,     INVEST, S,  
WP, 04, 2018051112,   , BEST,   0, 175N, 1501E,  30, 1005, TD,   0,    ,    0,    0,    0,    0, 1009,  150,  40,   0,   0,   W,   0,    ,   0,   0,     INVEST, S,  
WP, 04, 2018051118,   , BEST,   0, 181N, 1495E,  30, 1005, TD,   0,    ,    0,    0,    0,    0, 1008,  110,  40,   0,   0,   W,   0,    ,   0,   0,     INVEST, S,  
WP, 04, 2018051200,   , BEST,   0, 185N, 1489E,  30, 1005, TD,   0,    ,    0,    0,    0,    0, 1010,  160,  40,   0,   0,   W,   0,    ,   0,   0,       FOUR, S,  0,    ,    0,    0,    0,    0, TRANSITIONED, wpA72018 to wp042018,                                                                                                                                                                                       
WP, 04, 2018051206,   , BEST,   0, 187N, 1482E,  30, 1005, TD,   0,    ,    0,    0,    0,    0, 1009,  155,  40,   0,   0,   W,   0,    ,   0,   0,       FOUR, S,  
WP, 04, 2018051212,   , BEST,   0, 188N, 1475E,  35, 1004, TS,  34, NEQ,  140,   60,   30,  110, 1010,  145,  40,   0,   0,   W,   0,    ,   0,   0,       FOUR, M,  
WP, 04, 2018051218,   , BEST,   0, 190N, 1470E,  35, 1004, TS,  34, NEQ,  140,   80,   40,  110, 1010,  145,  40,   0,   0,   W,   0,    ,   0,   0,       FOUR, M,  
WP, 04, 2018051300,   , BEST,   0, 194N, 1465E,  35, 1004, TS,  34, NEQ,  110,   60,   20,   90, 1010,  155,  40,   0,   0,   W,   0,    ,   0,   0,       FOUR, M,  
WP, 04, 2018051306,   , BEST,   0, 201N, 1458E,  30, 1005, TD,   0,    ,    0,    0,    0,    0, 1009,  145,  40,   0,   0,   W,   0,    ,   0,   0,       FOUR, S,  
WP, 04, 2018051312,   , BEST,   0, 204N, 1450E,  30, 1006, TD,   0,    ,    0,    0,    0,    0, 1010,  145,  40,   0,   0,   W,   0,    ,   0,   0,       FOUR, S,  
WP, 04, 2018051318,   , BEST,   0, 209N, 1445E,  25, 1008, TD,   0,    ,    0,    0,    0,    0, 1010,  140,  50,   0,   0,   W,   0,    ,   0,   0,       FOUR, S,  
WP, 04, 2018051400,   , BEST,   0, 214N, 1444E,  25, 1008, TD,   0,    ,    0,    0,    0,    0, 1010,  130,  50,   0,   0,   W,   0,    ,   0,   0,       FOUR, S,  
WP, 04, 2018051406,   , BEST,   0, 223N, 1442E,  20, 1008, DB,   0,    ,    0,    0,    0,    0, 1009,  130,  50,   0,   0,   W,   0,    ,   0,   0,       FOUR, S,  
WP, 04, 2018051412,   , BEST,   0, 230N, 1441E,  20, 1009, DB,   0,    ,    0,    0,    0,    0, 1011,  155,  70,   0,   0,   W,   0,    ,   0,   0,       FOUR, S,  
WP, 04, 2018051418,   , BEST,   0, 233N, 1449E,  20, 1009, DB,   0,    ,    0,    0,    0,    0, 1010,  190,  90,   0,   0,   W,   0,    ,   0,   0,       FOUR, S,  
