AL, 19, 2023101018,   , BEST,   0,  96N,  302W,  30, 1007, TD,   0,    ,    0,    0,    0,    0, 1012,  240,  80,   0,   0,   L,   0,    ,   0,   0,     INVEST, S,  0,    ,    0,    0,    0,    0, genesis-num, 038, 
AL, 19, 2023101100,   , BEST,   0,  98N,  314W,  35, 1006, TS,  34, NEQ,   80,    0,    0,    0, 1012,  240,  80,  40,   0,   L,   0,    ,   0,   0,   NINETEEN, M,  0,    ,    0,    0,    0,    0, genesis-num, 038, TRANSITIONED, alD22023 to al192023, 
AL, 19, 2023101106,   , BEST,   0, 101N,  326W,  35, 1006, TS,  34, NEQ,   80,    0,    0,    0, 1011,  180,  80,  45,   0,   L,   0,    ,   0,   0,       SEAN, M,  0,    ,    0,    0,    0,    0, genesis-num, 038, 
AL, 19, 2023101112,   , BEST,   0, 107N,  337W,  35, 1006, TS,  34, NEQ,   80,    0,    0,    0, 1011,  180,  80,  45,   0,   L,   0,    ,   0,   0,       SEAN, M, 12, NEQ,   45,    0,    0,    0, genesis-num, 038, 
AL, 19, 2023101118,   , BEST,   0, 113N,  347W,  30, 1007, TD,   0,    ,    0,    0,    0,    0, 1011,  180,  60,  45,   0,   L,   0,    ,   0,   0,       SEAN, M, 12, NEQ,   60,    0,    0,    0, genesis-num, 038, 
AL, 19, 2023101200,   , BEST,   0, 118N,  356W,  30, 1007, TD,   0,    ,    0,    0,    0,    0, 1012,  120,  40,  40,   0,   L,   0,    ,   0,   0,       SEAN, M,  0,    ,    0,    0,    0,    0, genesis-num, 038, 
AL, 19, 2023101206,   , BEST,   0, 123N,  364W,  30, 1007, TD,   0,    ,    0,    0,    0,    0, 1012,  120,  40,  40,   0,   L,   0,    ,   0,   0,       SEAN, M,  0,    ,    0,    0,    0,    0, genesis-num, 038, 
AL, 19, 2023101212,   , BEST,   0, 128N,  371W,  35, 1006, TS,  34, NEQ,   80,    0,    0,    0, 1012,  120,  40,  45,   0,   L,   0,    ,   0,   0,       SEAN, M, 12, NEQ,   90,    0,    0,   90, genesis-num, 038, 
AL, 19, 2023101218,   , BEST,   0, 133N,  378W,  40, 1005, TS,  34, NEQ,   80,    0,    0,    0, 1012,  120,  40,  45,   0,   L,   0,    ,   0,   0,       SEAN, M, 12, NEQ,   90,    0,    0,   90, genesis-num, 038, 
AL, 19, 2023101300,   , BEST,   0, 137N,  390W,  40, 1005, TS,  34, NEQ,   80,    0,    0,   50, 1012,  120,  40,  45,   0,   L,   0,    ,   0,   0,       SEAN, M, 12, NEQ,  105,   75,    0,   75, genesis-num, 038, 
AL, 19, 2023101306,   , BEST,   0, 140N,  401W,  40, 1005, TS,  34, NEQ,   80,    0,    0,   50, 1011,  150,  40,  50,   0,   L,   0,    ,   0,   0,       SEAN, M, 12, NEQ,  120,   90,    0,   75, genesis-num, 038, 
AL, 19, 2023101312,   , BEST,   0, 143N,  412W,  35, 1006, TS,  34, NEQ,   60,    0,    0,   40, 1011,  150,  40,  45,   0,   L,   0,    ,   0,   0,       SEAN, M, 12, NEQ,  120,   90,    0,   75, genesis-num, 038, 
AL, 19, 2023101318,   , BEST,   0, 146N,  422W,  35, 1006, TS,  34, NEQ,   60,    0,    0,   20, 1011,  150,  40,  45,   0,   L,   0,    ,   0,   0,       SEAN, M, 12, NEQ,  120,   90,    0,   75, genesis-num, 038, 
AL, 19, 2023101400,   , BEST,   0, 149N,  427W,  35, 1006, TS,  34, NEQ,   60,    0,    0,    0, 1011,  150,  40,  45,   0,   L,   0,    ,   0,   0,       SEAN, M, 12, NEQ,  120,   60,    0,   75, genesis-num, 038, 
AL, 19, 2023101406,   , BEST,   0, 153N,  433W,  30, 1007, TD,   0,    ,    0,    0,    0,    0, 1011,  120,  40,  45,   0,   L,   0,    ,   0,   0,       SEAN, M, 12, NEQ,   90,   60,    0,   60, genesis-num, 038, 
AL, 19, 2023101412,   , BEST,   0, 158N,  439W,  30, 1007, TD,   0,    ,    0,    0,    0,    0, 1011,  120,  40,  40,   0,   L,   0,    ,   0,   0,       SEAN, M,  0,    ,    0,    0,    0,    0, genesis-num, 038, 
AL, 19, 2023101418,   , BEST,   0, 163N,  445W,  30, 1007, TD,   0,    ,    0,    0,    0,    0, 1011,  120,  40,  40,   0,   L,   0,    ,   0,   0,       SEAN, M,  0,    ,    0,    0,    0,    0, genesis-num, 038, 
AL, 19, 2023101500,   , BEST,   0, 168N,  451W,  30, 1008, TD,   0,    ,    0,    0,    0,    0, 1012,  120,  40,  40,   0,   L,   0,    ,   0,   0,       SEAN, M,  0,    ,    0,    0,    0,    0, genesis-num, 038, 
AL, 19, 2023101506,   , BEST,   0, 173N,  458W,  30, 1009, TD,   0,    ,    0,    0,    0,    0, 1012,  120,  40,  40,   0,   L,   0,    ,   0,   0,       SEAN, S,  0,    ,    0,    0,    0,    0, genesis-num, 038, 
AL, 19, 2023101512,   , BEST,   0, 176N,  466W,  25, 1010, LO,   0,    ,    0,    0,    0,    0, 1012,  120,  40,  40,   0,   L,   0,    ,   0,   0,       SEAN, S,  0,    ,    0,    0,    0,    0, genesis-num, 038, 
AL, 19, 2023101518,   , BEST,   0, 179N,  476W,  25, 1010, LO,   0,    ,    0,    0,    0,    0, 1012,  120,  40,  35,   0,   L,   0,    ,   0,   0,       SEAN, S,  0,    ,    0,    0,    0,    0, genesis-num, 038, 
AL, 19, 2023101600,   , BEST,   0, 181N,  486W,  25, 1011, LO,   0,    ,    0,    0,    0,    0, 1015,  120,  40,  35,   0,   L,   0,    ,   0,   0,       SEAN, S,  0,    ,    0,    0,    0,    0, genesis-num, 038, 
AL, 19, 2023101606,   , BEST,   0, 182N,  498W,  25, 1011, LO,   0,    ,    0,    0,    0,    0, 1015,  120,  40,   0,   0,   L,   0,    ,   0,   0,       SEAN,  ,  0,    ,    0,    0,    0,    0, genesis-num, 038, 
AL, 19, 2023101612,   , BEST,   0, 183N,  510W,  20, 1011, LO,   0,    ,    0,    0,    0,    0, 1015,  120,  40,   0,   0,   L,   0,    ,   0,   0,       SEAN,  ,  0,    ,    0,    0,    0,    0, genesis-num, 038, 
AL, 19, 2023101618,   , BEST,   0, 184N,  522W,  20, 1011, LO,   0,    ,    0,    0,    0,    0, 1015,  120,  40,   0,   0,   L,   0,    ,   0,   0,       SEAN,  ,  0,    ,    0,    0,    0,    0, genesis-num, 038, 
