AL, 12, 2002092018,   , BEST,   0, 283N,  518W,  25, 1007, SD,  34, NEQ,    0,    0,    0,    0, 1013,  225, 125,   0,   0, 
AL, 12, 2002092100,   , BEST,   0, 293N,  514W,  30, 1007, SD,  34, NEQ,    0,    0,    0,    0, 1013,  225, 125,   0,   0, 
AL, 12, 2002092106,   , BEST,   0, 304N,  516W,  35, 1007, SS,  34, NEQ,  150,  150,    0,    0, 1013,  225, 125,   0,   0, 
AL, 12, 2002092112,   , BEST,   0, 310N,  516W,  35, 1007, SS,  34, NEQ,  150,  150,    0,    0, 1016,  225,  75,   0,   0, 
AL, 12, 2002092118,   , BEST,   0, 317N,  513W,  40, 1006, SS,  34, NEQ,  150,  150,    0,    0, 1016,  250,  75,   0,   0, 
AL, 12, 2002092200,   , BEST,   0, 324N,  509W,  45, 1004, SS,  34, NEQ,  150,  150,    0,    0, 1016,  250,  75,   0,   0, 
AL, 12, 2002092206,   , BEST,   0, 328N,  505W,  40, 1006, SS,  34, NEQ,  150,  150,    0,    0, 1016,  250,  75,   0,   0, 
AL, 12, 2002092212,   , BEST,   0, 332N,  499W,  40, 1006, SS,  34, NEQ,  150,  150,    0,    0, 1016,  250,  75,   0,   0, 
AL, 12, 2002092218,   , BEST,   0, 333N,  495W,  40, 1006, SS,  34, NEQ,   60,   60,   60,   60, 1016,  250,  75,   0,   0, 
AL, 12, 2002092300,   , BEST,   0, 332N,  491W,  35, 1007, TS,  34, NEQ,   60,   60,   60,   60, 1016,  250,  75,   0,   0, 
AL, 12, 2002092306,   , BEST,   0, 327N,  494W,  35, 1007, TS,  34, NEQ,   60,   60,   60,   60, 1014,  200,  75,   0,   0, 
AL, 12, 2002092312,   , BEST,   0, 323N,  495W,  35, 1005, TS,  34, NEQ,   60,   60,   60,   60, 1014,  200,  40,   0,   0, 
AL, 12, 2002092318,   , BEST,   0, 319N,  496W,  40, 1003, TS,  34, NEQ,   60,   60,   60,   60, 1014,  200,  40,   0,   0, 
AL, 12, 2002092400,   , BEST,   0, 314N,  500W,  40, 1003, TS,  34, NEQ,   60,   60,   60,   60, 1014,  200,  40,   0,   0, 
AL, 12, 2002092406,   , BEST,   0, 310N,  504W,  45, 1000, TS,  34, NEQ,  120,  120,  160,  160, 1014,  200,  40,   0,   0, 
AL, 12, 2002092412,   , BEST,   0, 306N,  507W,  50,  997, TS,  34, NEQ,  120,  120,  160,  160, 1014,  200,  30,   0,   0, 
AL, 12, 2002092418,   , BEST,   0, 303N,  511W,  55,  994, TS,  34, NEQ,  120,  120,  160,  160, 1014,  200,  30,   0,   0, 
AL, 12, 2002092500,   , BEST,   0, 300N,  521W,  55,  994, TS,  34, NEQ,  140,  140,  160,  160, 1014,  200,  30,   0,   0, 
AL, 12, 2002092506,   , BEST,   0, 297N,  537W,  55,  994, TS,  34, NEQ,  160,  160,  160,  160, 1014,  200,  30,   0,   0, 
AL, 12, 2002092512,   , BEST,   0, 293N,  544W,  60,  990, TS,  34, NEQ,  160,  160,  160,  160, 1014,  200,  30,   0,   0, 
AL, 12, 2002092518,   , BEST,   0, 290N,  553W,  65,  987, HU,  34, NEQ,  160,  160,  160,  160, 1014,  200,  20,   0,   0, 
AL, 12, 2002092600,   , BEST,   0, 286N,  566W,  65,  987, HU,  34, NEQ,  160,  160,  160,  160, 1014,  200,  20,   0,   0, 
AL, 12, 2002092606,   , BEST,   0, 282N,  575W,  70,  984, HU,  34, NEQ,  160,  160,  160,  160, 1014,  200,  20,   0,   0, 
AL, 12, 2002092612,   , BEST,   0, 279N,  583W,  75,  982, HU,  34, NEQ,  125,  125,  125,  125, 1010,  175,  15,   0,   0, 
AL, 12, 2002092618,   , BEST,   0, 278N,  590W,  75,  981, HU,  34, NEQ,  125,  125,  125,  125, 1010,  175,  15,   0,   0, 
AL, 12, 2002092700,   , BEST,   0, 275N,  595W,  75,  980, HU,  34, NEQ,  125,  125,  125,  125, 1010,  175,  15,   0,   0, 
AL, 12, 2002092706,   , BEST,   0, 271N,  600W,  75,  982, HU,  34, NEQ,  120,  100,  100,  120, 1010,  180,  20,   0,   0, 
AL, 12, 2002092712,   , BEST,   0, 270N,  604W,  75,  982, HU,  34, NEQ,  120,  100,  100,  120, 1010,  180,  20,   0,   0, 
AL, 12, 2002092718,   , BEST,   0, 268N,  608W,  70,  984, HU,  34, NEQ,  120,  100,  100,  120, 1010,  180,  20,   0,   0, 
AL, 12, 2002092800,   , BEST,   0, 265N,  614W,  70,  984, HU,  34, NEQ,  120,  120,  120,  120, 1011,  220,  20,   0,   0, 
AL, 12, 2002092806,   , BEST,   0, 263N,  623W,  65,  987, HU,  34, NEQ,  100,  120,  100,  100, 1010,  200,  20,   0,   0, 
AL, 12, 2002092812,   , BEST,   0, 265N,  629W,  60,  990, TS,  34, NEQ,  100,  120,  100,  100, 1012,  200,  20,   0,   0, 
AL, 12, 2002092818,   , BEST,   0, 267N,  632W,  50,  997, TS,  34, NEQ,   75,  120,  100,  100, 1012,  200,  20,   0,   0, 
AL, 12, 2002092900,   , BEST,   0, 271N,  637W,  45, 1000, TS,  34, NEQ,   75,  100,  100,   75, 1012,  240,  20,   0,   0, 
AL, 12, 2002092906,   , BEST,   0, 272N,  644W,  40, 1002, TS,  34, NEQ,  120,  120,  120,  100, 1012,  240,  70,   0,   0, 
AL, 12, 2002092912,   , BEST,   0, 277N,  647W,  40, 1002, TS,  34, NEQ,    0,   75,  120,    0, 1012,  240,  70,   0,   0, 
AL, 12, 2002092918,   , BEST,   0, 281N,  647W,  40, 1002, TS,  34, NEQ,    0,   75,  120,    0, 1012,  240,  70,   0,   0, 
AL, 12, 2002093000,   , BEST,   0, 287N,  646W,  40, 1002, TS,  34, NEQ,    0,   75,  120,    0, 1013,  240,  70,   0,   0, 
AL, 12, 2002093006,   , BEST,   0, 291N,  647W,  35, 1003, TS,  34, NEQ,    0,   75,  120,    0, 1014,  240,  70,   0,   0, 
AL, 12, 2002093012,   , BEST,   0, 290N,  655W,  35, 1004, TS,  34, NEQ,    0,   75,  120,    0, 1014,  240,  70,   0,   0, 
AL, 12, 2002093018,   , BEST,   0, 278N,  667W,  30, 1005, TD,  34, NEQ,   50,   50,   50,   50, 1014,  240,  70,   0,   0, 
AL, 12, 2002100100,   , BEST,   0, 282N,  668W,  30, 1005, TD,  34, NEQ,    0,    0,    0,    0, 1014,  240,  70,   0,   0, 
AL, 12, 2002100106,   , BEST,   0, 285N,  668W,  30, 1008, TD,  34, NEQ,    0,    0,    0,    0, 1014,  200,  70,   0,   0, 
AL, 12, 2002100112,   , BEST,   0, 285N,  672W,  35, 1005, TS,  34, NEQ,    0,    0,    0,    0, 1014,  200,  70,   0,   0, 
AL, 12, 2002100118,   , BEST,   0, 285N,  675W,  40, 1002, TS,  34, NEQ,    0,  150,    0,    0, 1014,  200,  70,   0,   0, 
AL, 12, 2002100200,   , BEST,   0, 284N,  677W,  45, 1000, TS,  34, NEQ,    0,  150,    0,    0, 1012,  200,  60,   0,   0, 
AL, 12, 2002100206,   , BEST,   0, 285N,  678W,  45, 1000, TS,  34, NEQ,  125,  125,    0,    0, 1012,  200,  60,   0,   0, 
AL, 12, 2002100212,   , BEST,   0, 288N,  676W,  50,  997, TS,  34, NEQ,  150,  150,    0,    0, 1012,  200,  50,   0,   0, 
AL, 12, 2002100218,   , BEST,   0, 290N,  669W,  55,  994, TS,  34, NEQ,  150,  150,    0,    0, 1012,  200,  40,   0,   0, 
AL, 12, 2002100300,   , BEST,   0, 291N,  667W,  55,  994, TS,  34, NEQ,  150,  150,   50,   50, 1012,  200,  40,   0,   0, 
AL, 12, 2002100306,   , BEST,   0, 290N,  666W,  55,  994, TS,  34, NEQ,  150,  150,   50,   50, 1012,  200,  40,   0,   0, 
AL, 12, 2002100312,   , BEST,   0, 290N,  672W,  50, 1000, TS,  34, NEQ,  120,  120,   30,   30, 1012,  175,  50,   0,   0, 
AL, 12, 2002100318,   , BEST,   0, 293N,  677W,  45, 1000, TS,  34, NEQ,  120,  120,   30,   30, 1012,  175,  50,   0,   0, 
AL, 12, 2002100400,   , BEST,   0, 294N,  680W,  45, 1000, TS,  34, NEQ,  120,  120,   30,   30, 1012,  175,  50,   0,   0, 
AL, 12, 2002100406,   , BEST,   0, 296N,  684W,  35, 1000, TS,  34, NEQ,  120,  120,   30,   30, 1012,  175,  50,   0,   0, 
AL, 12, 2002100412,   , BEST,   0, 301N,  695W,  35, 1004, TS,  34, NEQ,  120,  120,   30,   30, 1012,  175,  50,   0,   0, 
AL, 12, 2002100418,   , BEST,   0, 306N,  702W,  35, 1004, TS,  34, NEQ,   75,   75,   25,   25, 1012,  175,  50,   0,   0, 
AL, 12, 2002100500,   , BEST,   0, 311N,  709W,  35, 1004, TS,  34, NEQ,    0,  100,  100,    0, 1012,  175, 100,   0,   0, 
AL, 12, 2002100506,   , BEST,   0, 316N,  716W,  30, 1006, TD,  34, NEQ,    0,    0,    0,    0, 1012,  150, 100,   0,   0, 
AL, 12, 2002100512,   , BEST,   0, 323N,  713W,  30, 1005, TD,  34, NEQ,    0,    0,    0,    0, 1012,  150, 100,   0,   0, 
AL, 12, 2002100518,   , BEST,   0, 329N,  708W,  30, 1005, TD,  34, NEQ,    0,    0,    0,    0, 1012,  150, 100,   0,   0, 
AL, 12, 2002100600,   , BEST,   0, 332N,  701W,  30, 1006, TD,  34, NEQ,    0,    0,    0,    0, 1012,  150, 100,   0,   0, 
AL, 12, 2002100606,   , BEST,   0, 336N,  697W,  30, 1008, TD,  34, NEQ,    0,    0,    0,    0, 1012,  150, 100,   0,   0, 
AL, 12, 2002100612,   , BEST,   0, 333N,  697W,  35, 1007, TS,  34, NEQ,    0,    0,    0,    0, 1014,  120,  30,   0,   0, 
AL, 12, 2002100618,   , BEST,   0, 328N,  697W,  35, 1006, TS,  34, NEQ,   60,  100,  100,   30, 1014,  120,  25,   0,   0, 
AL, 12, 2002100700,   , BEST,   0, 326N,  697W,  35, 1006, TS,  34, NEQ,   60,  100,  100,   30, 1014,  120,  25,   0,   0, 
AL, 12, 2002100706,   , BEST,   0, 326N,  704W,  35, 1006, TS,  34, NEQ,   60,  100,  100,   60, 1014,  120,  25,   0,   0, 
AL, 12, 2002100712,   , BEST,   0, 326N,  708W,  35, 1006, TS,  34, NEQ,   60,  100,  100,   60, 1012,  150,  25,   0,   0, 
AL, 12, 2002100718,   , BEST,   0, 327N,  709W,  35, 1006, TS,  34, NEQ,   60,  100,  100,   60, 1012,  150,  25,   0,   0, 
AL, 12, 2002100800,   , BEST,   0, 326N,  710W,  35, 1006, TS,  34, NEQ,   75,   75,   60,   60, 1012,  150,  25,   0,   0, 
AL, 12, 2002100806,   , BEST,   0, 321N,  712W,  35, 1006, TS,  34, NEQ,   75,   75,   60,   60, 1012,  150,  25,   0,   0, 
AL, 12, 2002100812,   , BEST,   0, 314N,  713W,  35, 1006, TS,  34, NEQ,   75,   75,   60,   60, 1013,  120,  25,   0,   0, 
AL, 12, 2002100818,   , BEST,   0, 307N,  719W,  30, 1009, TD,  34, NEQ,    0,    0,    0,    0, 1013,  120,  25,   0,   0, 
AL, 12, 2002100900,   , BEST,   0, 298N,  724W,  30, 1010, TD,  34, NEQ,    0,    0,    0,    0, 1014,  120,  25,   0,   0, 
AL, 12, 2002100906,   , BEST,   0, 290N,  733W,  30, 1009, TD,  34, NEQ,    0,    0,    0,    0, 1013,  120,  30,   0,   0, 
AL, 12, 2002100912,   , BEST,   0, 287N,  740W,  30, 1010, TD,  34, NEQ,    0,    0,    0,    0, 1013,  120,  30,   0,   0, 
AL, 12, 2002100918,   , BEST,   0, 285N,  748W,  25, 1011, TD,  34, NEQ,    0,    0,    0,    0, 1014,  120,  30,   0,   0, 
AL, 12, 2002101000,   , BEST,   0, 284N,  758W,  25, 1010, TD,  34, NEQ,    0,    0,    0,    0, 1014,  120,  30,   0,   0, 
AL, 12, 2002101006,   , BEST,   0, 283N,  770W,  25, 1010, TD,  34, NEQ,    0,    0,    0,    0, 1014,  120,  30,   0,   0, 
AL, 12, 2002101012,   , BEST,   0, 284N,  781W,  25, 1010, TD,  34, NEQ,    0,    0,    0,    0, 1014,  120,  30,   0,   0, 
AL, 12, 2002101018,   , BEST,   0, 289N,  795W,  30, 1010, TD,  34, NEQ,    0,    0,    0,    0, 1013,  100,  30,   0,   0, 
AL, 12, 2002101100,   , BEST,   0, 298N,  802W,  30, 1009, TD,  34, NEQ,    0,    0,    0,    0, 1013,  100,  30,   0,   0, 
AL, 12, 2002101106,   , BEST,   0, 307N,  808W,  35, 1008, TS,  34, NEQ,   40,    0,    0,    0, 1013,  100,  40,   0,   0, 
AL, 12, 2002101112,   , BEST,   0, 318N,  807W,  35, 1008, TS,  34, NEQ,   40,    0,    0,    0, 1013,  100,  40,   0,   0, 
AL, 12, 2002101117,   , BEST,   0, 330N,  795W,  35, 1011, TS,   0,    ,    0,    0,    0,    0, 
AL, 12, 2002101118,   , BEST,   0, 332N,  793W,  35, 1011, TS,  34, NEQ,   40,   40,    0,    0, 1013,  100,  40,   0,   0, 
AL, 12, 2002101122,   , BEST,   0, 339N,  784W,  35, 1011, TS,   0,    ,    0,    0,    0,    0, 
AL, 12, 2002101200,   , BEST,   0, 342N,  780W,  30, 1012, TD,  34, NEQ,    0,    0,    0,    0, 1013,  105, 100,   0,   0, 
AL, 12, 2002101206,   , BEST,   0, 354N,  759W,  40, 1009, TS,  34, NEQ,   45,   45,    0,    0, 1013,  105,  30,   0,   0, 
AL, 12, 2002101212,   , BEST,   0, 367N,  741W,  40, 1009, TS,  34, NEQ,   45,   45,    0,    0, 1013,  150,  30,   0,   0, 
