CP, 03, 2013080906,   , BEST,   0, 110N, 1162W,  20, 1008, DB,   0,    ,    0,    0,    0,    0, 
CP, 03, 2013080912,   , BEST,   0, 112N, 1162W,  20, 1007, DB,   0,    ,    0,    0,    0,    0, 
CP, 03, 2013080918,   , BEST,   0, 114N, 1168W,  20, 1007, DB,   0,    ,    0,    0,    0,    0, 
CP, 03, 2013081000,   , BEST,   0, 116N, 1174W,  20, 1007, DB,   0,    ,    0,    0,    0,    0, 
CP, 03, 2013081006,   , BEST,   0, 120N, 1181W,  25, 1008, DB,   0,    ,    0,    0,    0,    0, 
CP, 03, 2013081012,   , BEST,   0, 124N, 1185W,  25, 1008, DB,   0,    ,    0,    0,    0,    0, 
CP, 03, 2013081018,   , BEST,   0, 128N, 1188W,  25, 1008, DB,   0,    ,    0,    0,    0,    0, 
CP, 03, 2013081100,   , BEST,   0, 130N, 1194W,  25, 1008, DB,   0,    ,    0,    0,    0,    0, 
CP, 03, 2013081106,   , BEST,   0, 132N, 1202W,  25, 1008, DB,   0,    ,    0,    0,    0,    0, 
CP, 03, 2013081112,   , BEST,   0, 132N, 1213W,  25, 1008, DB,   0,    ,    0,    0,    0,    0, 
CP, 03, 2013081118,   , BEST,   0, 132N, 1224W,  25, 1008, DB,   0,    ,    0,    0,    0,    0, 
CP, 03, 2013081200,   , BEST,   0, 133N, 1234W,  25, 1008, DB,   0,    ,    0,    0,    0,    0, 
CP, 03, 2013081206,   , BEST,   0, 134N, 1245W,  25, 1008, DB,   0,    ,    0,    0,    0,    0, 
CP, 03, 2013081212,   , BEST,   0, 134N, 1256W,  25, 1008, DB,   0,    ,    0,    0,    0,    0, 
CP, 03, 2013081218,   , BEST,   0, 133N, 1268W,  25, 1008, LO,   0,    ,    0,    0,    0,    0, 
CP, 03, 2013081300,   , BEST,   0, 133N, 1285W,  25, 1008, LO,   0,    ,    0,    0,    0,    0, 
CP, 03, 2013081306,   , BEST,   0, 132N, 1306W,  25, 1008, LO,   0,    ,    0,    0,    0,    0, 
CP, 03, 2013081312,   , BEST,   0, 132N, 1330W,  25, 1008, LO,   0,    ,    0,    0,    0,    0, 
CP, 03, 2013081318,   , BEST,   0, 131N, 1352W,  25, 1008, LO,   0,    ,    0,    0,    0,    0, 
CP, 03, 2013081400,   , BEST,   0, 131N, 1369W,  25, 1008, LO,   0,    ,    0,    0,    0,    0, 
CP, 03, 2013081406,   , BEST,   0, 131N, 1382W,  25, 1008, LO,   0,    ,    0,    0,    0,    0, 
CP, 03, 2013081412,   , BEST,   0, 139N, 1402W,  25, 1008, LO,   0,    ,    0,    0,    0,    0, 
CP, 03, 2013081418,   , BEST,   0, 142N, 1421W,  25, 1008, LO,   0,    ,    0,    0,    0,    0, 
CP, 03, 2013081500,   , BEST,   0, 140N, 1437W,  25, 1009, DB,   0,    ,    0,    0,    0,    0, 
CP, 03, 2013081506,   , BEST,   0, 139N, 1452W,  25, 1010, DB,   0,    ,    0,    0,    0,    0, 
CP, 03, 2013081512,   , BEST,   0, 138N, 1473W,  25, 1010, DB,   0,    ,    0,    0,    0,    0, 
CP, 03, 2013081518,   , BEST,   0, 138N, 1489W,  25, 1010, DB,   0,    ,    0,    0,    0,    0, 
CP, 03, 2013081600,   , BEST,   0, 140N, 1509W,  25, 1010, DB,   0,    ,    0,    0,    0,    0, 1011,   60,  60,   0,   0, 
CP, 03, 2013081606,   , BEST,   0, 142N, 1526W,  25, 1010, DB,   0,    ,    0,    0,    0,    0, 1011,   80,  60,   0,   0, 
CP, 03, 2013081612,   , BEST,   0, 144N, 1547W,  25, 1010, DB,   0,    ,    0,    0,    0,    0, 1011,   60,  60,   0,   0, 
CP, 03, 2013081618,   , BEST,   0, 146N, 1568W,  25, 1010, DB,   0,    ,    0,    0,    0,    0, 1011,   80,  60,   0,   0, 
CP, 03, 2013081700,   , BEST,   0, 147N, 1583W,  25, 1010, DB,   0,    ,    0,    0,    0,    0, 1011,   60,  60,   0,   0, 
CP, 03, 2013081706,   , BEST,   0, 149N, 1598W,  25, 1010, DB,   0,    ,    0,    0,    0,    0, 1011,   80,  60,   0,   0, 
CP, 03, 2013081712,   , BEST,   0, 150N, 1610W,  25, 1010, DB,   0,    ,    0,    0,    0,    0, 1011,   60,  60,   0,   0, 
CP, 03, 2013081718,   , BEST,   0, 152N, 1625W,  25, 1010, DB,   0,    ,    0,    0,    0,    0, 1011,   60,  60,   0,   0, 
CP, 03, 2013081800,   , BEST,   0, 153N, 1645W,  25, 1010, DB,   0,    ,    0,    0,    0,    0, 1011,   80,  60,   0,   0, 
CP, 03, 2013081806,   , BEST,   0, 155N, 1669W,  25, 1010, DB,   0,    ,    0,    0,    0,    0, 1011,   80,  60,   0,   0, 
CP, 03, 2013081812,   , BEST,   0, 157N, 1692W,  25, 1010, DB,   0,    ,    0,    0,    0,    0, 1011,   80,  60,   0,   0, 
CP, 03, 2013081818,   , BEST,   0, 162N, 1705W,  25, 1010, DB,   0,    ,    0,    0,    0,    0, 1011,   80,  60,   0,   0, 
CP, 03, 2013081900,   , BEST,   0, 165N, 1715W,  25, 1010, DB,   0,    ,    0,    0,    0,    0, 1011,   90,  45,   0,   0,   C,   0,    ,   0,   0,     INVEST, M, 
CP, 03, 2013081906,   , BEST,   0, 170N, 1724W,  25, 1010, DB,   0,    ,    0,    0,    0,    0, 1011,   90,  45,   0,   0,   C,   0,    ,   0,   0,     INVEST, M, 
CP, 03, 2013081912,   , BEST,   0, 176N, 1734W,  25, 1010, DB,   0,    ,    0,    0,    0,    0, 1011,   90,  45,   0,   0,   C,   0,    ,   0,   0,     INVEST, M, 
CP, 03, 2013081918,   , BEST,   0, 181N, 1746W,  30, 1008, TD,   0,    ,    0,    0,    0,    0, 1011,  110,  60,  40,   0,   C,   0,    ,   0,   0,     INVEST, M, 
CP, 03, 2013082000,   , BEST,   0, 188N, 1757W,  30, 1008, TD,   0,    ,    0,    0,    0,    0, 1011,  110,  60,  40,   0,   C,   0,    ,   0,   0,      THREE, M, 12, NEQ,   45,    0,    0,   45
CP, 03, 2013082006,   , BEST,   0, 189N, 1773W,  30, 1008, TD,   0,    ,    0,    0,    0,    0, 1011,  110,  60,  40,   0,   C,   0,    ,   0,   0,      THREE, M, 12, NEQ,   45,    0,    0,   45
CP, 03, 2013082012,   , BEST,   0, 193N, 1788W,  30, 1008, TD,   0,    ,    0,    0,    0,    0, 1011,  110,  60,  40,   0,   C,   0,    ,   0,   0,      THREE, S, 12, NEQ,   45,    0,    0,   45
CP, 03, 2013082018,   , BEST,   0, 200N, 1797E,  20, 1010, LO,   0,    ,    0,    0,    0,    0, 1013,  110,  60,   0,   0,   C,   0,    ,   0,   0,      THREE, S, 
CP, 03, 2013082100,   , BEST,   0, 204N, 1782E,  15, 1012, DB,   0,    ,    0,    0,    0,    0, 1015,   90,  60,   0,   0, 
