CP, 93, 2011101518,   , BEST,   0, 100N, 1592W,  20, 1010, DB,   0,    ,    0,    0,    0,    0, 1012,  150,  60,   0,   0, 
CP, 93, 2011101600,   , BEST,   0, 100N, 1598W,  20, 1010, DB,   0,    ,    0,    0,    0,    0, 1012,  150,  60,   0,   0, 
CP, 93, 2011101606,   , BEST,   0,  99N, 1603W,  20, 1010, DB,   0,    ,    0,    0,    0,    0, 1012,  150,  60,   0,   0, 
CP, 93, 2011101612,   , BEST,   0,  96N, 1612W,  20, 1010, DB,   0,    ,    0,    0,    0,    0, 1012,  150,  60,   0,   0, 
CP, 93, 2011101618,   , BEST,   0,  94N, 1619W,  25, 1011, DB,   0,    ,    0,    0,    0,    0, 1012,  150,  60,   0,   0, 
CP, 93, 2011101700,   , BEST,   0,  94N, 1623W,  25, 1010, DB,   0,    ,    0,    0,    0,    0, 1011,  125,  60,   0,   0,   C,   0,    ,   0,   0,     INVEST, S, 
CP, 93, 2011101706,   , BEST,   0,  94N, 1626W,  25, 1010, DB,   0,    ,    0,    0,    0,    0, 1012,  115,  60,   0,   0,   C,   0,    ,   0,   0,     INVEST, S, 
CP, 93, 2011101712,   , BEST,   0,  95N, 1628W,  25, 1010, DB,   0,    ,    0,    0,    0,    0, 1012,  115,  60,   0,   0,   C,   0,    ,   0,   0,     INVEST, S, 
CP, 93, 2011101718,   , BEST,   0,  96N, 1630W,  25, 1011, DB,   0,    ,    0,    0,    0,    0, 1012,  115,  60,   0,   0,   C,   0,    ,   0,   0,     INVEST, S, 
CP, 93, 2011101800,   , BEST,   0,  98N, 1633W,  25, 1010, DB,   0,    ,    0,    0,    0,    0, 1012,  115,  60,   0,   0,   C,   0,    ,   0,   0,     INVEST, S, 
CP, 93, 2011101806,   , BEST,   0,  99N, 1640W,  25, 1010, DB,   0,    ,    0,    0,    0,    0, 1012,  115,  60,   0,   0, 
CP, 93, 2011101812,   , BEST,   0,  99N, 1647W,  25, 1010, DB,   0,    ,    0,    0,    0,    0, 1012,  115,  60,   0,   0,   C,   0,    ,   0,   0,     INVEST, S, 
CP, 93, 2011101818,   , BEST,   0,  99N, 1652W,  25, 1011, DB,  34, NEQ,    0,    0,    0,    0, 1012,  120,  60,   0,   0,   C,   0,    ,   0,   0,     INVEST, S, 
