EP, 21, 2015111806,   , BEST,   0, 129N, 1071W,  25, 1007, LO,   0,    ,    0,    0,    0,    0, 1009,  175,  60,   0,   0,    ,   0,    ,   0,   0,     INVEST,  ,  0,    ,    0,    0,    0,    0, genesis-num, 042, 
EP, 21, 2015111812,   , BEST,   0, 129N, 1069W,  30, 1005, TD,   0,    ,    0,    0,    0,    0, 1008,  150,  60,  40,   0,   E,   0,    ,   0,   0, TWENTY-ONE, M,  0,    ,    0,    0,    0,    0, genesis-num, 042, TRANSITIONED, epD02015 to ep212015, 
EP, 21, 2015111818,   , BEST,   0, 129N, 1066W,  30, 1004, TD,   0,    ,    0,    0,    0,    0, 1007,  175,  60,  40,   0,   E,   0,    ,   0,   0, TWENTY-ONE, M,  0,    ,    0,    0,    0,    0, genesis-num, 042, DISSIPATED, ep212015 to ep902015, TRANSITIONED, epE02015 to ep212015, 
EP, 21, 2015111900,   , BEST,   0, 131N, 1060W,  30, 1004, TD,   0,    ,    0,    0,    0,    0, 1007,  175,  60,  40,   0,   E,   0,    ,   0,   0, TWENTY-ONE, M,  0,    ,    0,    0,    0,    0, genesis-num, 042, 
EP, 21, 2015111906,   , BEST,   0, 137N, 1058W,  30, 1003, TD,   0,    ,    0,    0,    0,    0, 1007,  175,  60,  40,   0,   E,   0,    ,   0,   0, TWENTY-ONE, M,  0,    ,    0,    0,    0,    0, genesis-num, 042, 
EP, 21, 2015111912,   , BEST,   0, 142N, 1061W,  35, 1002, TS,  34, NEQ,    0,    0,    0,   90, 1007,  200,  80,  45,   0,   E,   0,    ,   0,   0, TWENTY-ONE, M,  0,    ,    0,    0,    0,    0, genesis-num, 042, 
EP, 21, 2015111918,   , BEST,   0, 147N, 1068W,  35, 1002, TS,  34, NEQ,    0,    0,    0,   90, 1007,  175,  80,  50,   0,   E,   0,    ,   0,   0,       RICK, M, 12, NEQ,    0,    0,    0,   60, genesis-num, 042, 
EP, 21, 2015112000,   , BEST,   0, 152N, 1078W,  35, 1002, TS,  34, NEQ,    0,    0,   40,   60, 1007,  175,  80,  45,   0,   E,   0,    ,   0,   0,       RICK, M, 12, NEQ,    0,    0,   30,   60, genesis-num, 042, 
EP, 21, 2015112006,   , BEST,   0, 157N, 1090W,  35, 1002, TS,  34, NEQ,    0,    0,   40,   40, 1007,  120,  40,  45,   0,   E,   0,    ,   0,   0,       RICK, M, 12, NEQ,   60,    0,   30,   90, genesis-num, 042, 
EP, 21, 2015112012,   , BEST,   0, 159N, 1101W,  35, 1002, TS,  34, NEQ,   30,   30,   40,   40, 1008,  150,  40,  45,   0,   E,   0,    ,   0,   0,       RICK, M,  0,    ,    0,    0,    0,    0, genesis-num, 042, 
EP, 21, 2015112018,   , BEST,   0, 161N, 1111W,  35, 1002, TS,  34, NEQ,   30,   30,    0,    0, 1007,  150,  30,  45,   0,   E,   0,    ,   0,   0,       RICK, M, 12, NEQ,   60,   30,   45,   45, genesis-num, 042, 
EP, 21, 2015112100,   , BEST,   0, 165N, 1121W,  35, 1003, TS,  34, NEQ,   30,   30,    0,    0, 1007,  150,  20,  45,   0,   E,   0,    ,   0,   0,       RICK, M, 12, NEQ,   60,   30,   45,   45, genesis-num, 042, 
EP, 21, 2015112106,   , BEST,   0, 168N, 1133W,  35, 1003, TS,  34, NEQ,   30,   30,    0,    0, 1008,  180,  30,  45,   0,   E,   0,    ,   0,   0,       RICK, M, 12, NEQ,   60,   30,   45,   45, genesis-num, 042, 
EP, 21, 2015112112,   , BEST,   0, 168N, 1144W,  35, 1003, TS,  34, NEQ,   30,   30,    0,    0, 1008,  180,  30,  45,   0,   E,   0,    ,   0,   0,       RICK, M, 12, NEQ,   45,   30,   15,   15, genesis-num, 042, 
EP, 21, 2015112118,   , BEST,   0, 167N, 1155W,  35, 1003, TS,  34, NEQ,   30,   30,    0,    0, 1008,  180,  30,  45,   0,   E,   0,    ,   0,   0,       RICK, M, 12, NEQ,   30,    0,    0,    0, genesis-num, 042, 
EP, 21, 2015112200,   , BEST,   0, 168N, 1165W,  35, 1003, TS,  34, NEQ,   30,   30,    0,    0, 1008,  180,  30,  45,   0,   E,   0,    ,   0,   0,       RICK, M, 12, NEQ,   30,    0,    0,    0, genesis-num, 042, 
EP, 21, 2015112206,   , BEST,   0, 170N, 1175W,  30, 1004, TD,   0,    ,    0,    0,    0,    0, 1008,  180,  50,  40,   0,   E,   0,    ,   0,   0,       RICK, M, 12, NEQ,   30,    0,    0,    0, genesis-num, 042, 
EP, 21, 2015112212,   , BEST,   0, 174N, 1182W,  30, 1005, TD,   0,    ,    0,    0,    0,    0, 1007,  180,  50,  40,   0,   E,   0,    ,   0,   0,       RICK, S,  0,    ,    0,    0,    0,    0, genesis-num, 042, 
EP, 21, 2015112218,   , BEST,   0, 178N, 1189W,  30, 1005, LO,   0,    ,    0,    0,    0,    0, 1008,  180,  60,  40,   0,   E,   0,    ,   0,   0,       RICK, S,  0,    ,    0,    0,    0,    0, genesis-num, 042, 
EP, 21, 2015112300,   , BEST,   0, 185N, 1194W,  30, 1005, LO,   0,    ,    0,    0,    0,    0, 1008,  180,  60,   0,   0,    ,   0,    ,   0,   0,       RICK,  ,  0,    ,    0,    0,    0,    0, genesis-num, 042, 
EP, 21, 2015112306,   , BEST,   0, 191N, 1200W,  30, 1005, LO,   0,    ,    0,    0,    0,    0, 1008,  180,  70,   0,   0,    ,   0,    ,   0,   0,       RICK,  ,  0,    ,    0,    0,    0,    0, genesis-num, 042, 
EP, 21, 2015112312,   , BEST,   0, 196N, 1206W,  25, 1006, LO,   0,    ,    0,    0,    0,    0, 1008,  180,  80,   0,   0,    ,   0,    ,   0,   0,       RICK,  ,  0,    ,    0,    0,    0,    0, genesis-num, 042, 
EP, 21, 2015112318,   , BEST,   0, 201N, 1211W,  25, 1007, LO,   0,    ,    0,    0,    0,    0, 1010,  180,  70,   0,   0,    ,   0,    ,   0,   0,       RICK,  ,  0,    ,    0,    0,    0,    0, genesis-num, 042, 
EP, 21, 2015112400,   , BEST,   0, 206N, 1217W,  25, 1007, LO,   0,    ,    0,    0,    0,    0, 1010,  180,  70,   0,   0,    ,   0,    ,   0,   0,       RICK,  ,  0,    ,    0,    0,    0,    0, genesis-num, 042, 
EP, 21, 2015112406,   , BEST,   0, 209N, 1223W,  25, 1007, LO,   0,    ,    0,    0,    0,    0, 1010,  180,  90,   0,   0,    ,   0,    ,   0,   0,       RICK,  ,  0,    ,    0,    0,    0,    0, genesis-num, 042, 
EP, 21, 2015112412,   , BEST,   0, 211N, 1230W,  20, 1008, LO,   0,    ,    0,    0,    0,    0, 1010,  180, 110,   0,   0,    ,   0,    ,   0,   0,       RICK,  ,  0,    ,    0,    0,    0,    0, genesis-num, 042, 
EP, 21, 2015112418,   , BEST,   0, 214N, 1237W,  20, 1008, LO,   0,    ,    0,    0,    0,    0, 1010,  180, 130,   0,   0,    ,   0,    ,   0,   0,       RICK,  ,  0,    ,    0,    0,    0,    0, genesis-num, 042, 
EP, 21, 2015112500,   , BEST,   0, 214N, 1240W,  20, 1008, LO,   0,    ,    0,    0,    0,    0, 1010,  180, 150,   0,   0,    ,   0,    ,   0,   0,       RICK,  ,  0,    ,    0,    0,    0,    0, genesis-num, 042, 
EP, 21, 2015112506,   , BEST,   0, 214N, 1242W,  20, 1009, LO,   0,    ,    0,    0,    0,    0, 1010,  180, 150,   0,   0,    ,   0,    ,   0,   0,       RICK,  ,  0,    ,    0,    0,    0,    0, genesis-num, 042, 
EP, 21, 2015112512,   , BEST,   0, 213N, 1246W,  20, 1009, LO,   0,    ,    0,    0,    0,    0, 1010,  180, 150,   0,   0,    ,   0,    ,   0,   0,       RICK,  ,  0,    ,    0,    0,    0,    0, genesis-num, 042, 
EP, 21, 2015112518,   , BEST,   0, 210N, 1250W,  20, 1009, LO,   0,    ,    0,    0,    0,    0, 1010,  180, 150,   0,   0,    ,   0,    ,   0,   0,       RICK,  ,  0,    ,    0,    0,    0,    0, genesis-num, 042, 
EP, 21, 2015112600,   , BEST,   0, 206N, 1254W,  20, 1009, LO,   0,    ,    0,    0,    0,    0, 1010,  180, 150,   0,   0,    ,   0,    ,   0,   0,       RICK,  ,  0,    ,    0,    0,    0,    0, genesis-num, 042, 
EP, 21, 2015112606,   , BEST,   0, 202N, 1260W,  20, 1009, LO,   0,    ,    0,    0,    0,    0, 1010,  180, 150,   0,   0,    ,   0,    ,   0,   0,       RICK,  ,  0,    ,    0,    0,    0,    0, genesis-num, 042, 
