SH, 20, 2014031806,   , BEST,   0, 134S, 1630W,  20, 1007, DB,   0,    ,    0,    0,    0,    0, 1008,  150,   0,   0,   0, 
SH, 20, 2014031812,   , BEST,   0, 148S, 1622W,  25, 1004, TD,   0,    ,    0,    0,    0,    0, 1008,  150,   0,   0,   0, 
SH, 20, 2014031818,   , BEST,   0, 163S, 1614W,  25, 1004, DB,   0,    ,    0,    0,    0,    0, 1008,  150,   0,   0,   0,   P,   0,    ,   0,   0,     INVEST, S, 
SH, 20, 2014031900,   , BEST,   0, 184S, 1603W,  30,  997, TD,   0,    ,    0,    0,    0,    0, 1000,  165,  30,   0,   0,   P,   0,    ,   0,   0,     INVEST, S, 
SH, 20, 2014031906,   , BEST,   0, 205S, 1593W,  30, 1000, TD,   0,    ,    0,    0,    0,    0, 1002,  190,  40,   0,   0,   P,   0,    ,   0,   0,       MIKE, S, 
SH, 20, 2014031912,   , BEST,   0, 226S, 1585W,  30, 1000, TD,   0,    ,    0,    0,    0,    0, 1001,  190,  40,   0,   0,   P,   0,    ,   0,   0,       MIKE, M, 
SH, 20, 2014031918,   , BEST,   0, 248S, 1585W,  35,  996, TS,   0,    ,    0,    0,    0,    0, 1002,  190,  40,   0,   0,   P,   0,    ,   0,   0,       MIKE, M, 
SH, 20, 2014032000,   , BEST,   0, 262S, 1590W,  30, 1000, TD,   0,    ,    0,    0,    0,    0, 1002,  190,  40,   0,   0,   P,   0,    ,   0,   0,       MIKE, M, 
SH, 20, 2014032006,   , BEST,   0, 271S, 1597W,  30, 1000, EX,   0,    ,    0,    0,    0,    0, 1002,  190,  40,   0,   0, 
SH, 20, 2014032012,   , BEST,   0, 264S, 1606W,  25, 1004, EX,   0,    ,    0,    0,    0,    0, 1002,  190,  40,   0,   0, 
